-------------------------------------------------------------
----------------------- !PROPERTIES! ------------------------
-------------------------------------------------------------
# -----------------------------------------------------------
$ SCF_Energy
   description: The SCF energy
   geom. index: 1
   prop. index: 1
        SCF Energy:     -232.0243384087
# -----------------------------------------------------------
$ DFT_Energy
   description: The DFT energy
   geom. index: 1
   prop. index: 1
   Number of Alpha Electrons                 20.9999925529 
   Number of Beta  Electrons                 20.9999925529 
   Total number of  Electrons                41.9999851058 
   Exchange energy                          -33.1500382338 
   Correlation energy                        -1.3723721549 
   Correlation energy NL                      0.0000000000 
   Exchange-Correlation energy              -34.5224103887 
   Embedding correction                       0.0000000000 
   Total DFT Energy (No VdW correction)    -232.0243384087 
# -----------------------------------------------------------
$ Calculation_Info
   description: Details of the calculation
   geom. index: 1
   prop. index: 1
     Multiplicity:                          1
     Charge:                                0
     number of atoms:                       12
     number of electrons:                   0
     number of frozen core electrons:       1
     number of correlated electrons:        0
     number of basis functions:             300
     number of aux C basis functions:       0
     number of aux J basis functions:       360
     number of aux JK basis functions:      0
     number of aux CABS basis functions:    0
     Total Energy                           -232.024338
# -----------------------------------------------------------
$ SCF_Electric_Properties
   description: The SCF Calculated Electric Properties
   geom. index: 1
   prop. index: 1
       Filename                          : Ar-3.scfp 
       Do Dipole Moment Calculation      : true 
       Do Quadrupole Moment Calculation  : false 
       Do Polarizability Calculation     : false 
** Dipole moment part of electric properties **
        Magnitude of dipole moment (Debye) :        0.0000023333
        Electronic Contribution:
                  0    
      0      -0.000001
      1       0.000002
      2       0.000003
        Nuclear Contribution:
                  0    
      0       0.000001
      1      -0.000002
      2      -0.000004
        Total Dipole moment:
                  0    
      0       0.000000
      1      -0.000000
      2      -0.000001
# -----------------------------------------------------------
$ EPRNMR_OrbitalShielding
   description: Orbital contribution to the NMR Shielding tensor (ppm)
   geom. index: 1
   prop. index: 1
 Number of stored nuclei 12
 Source density: 1 SCF 
 Nucleus: 0 C  
 Shielding tensor (ppm): 
                  0          1          2    
      0      79.188625   6.681464  75.566694
      1       6.719229 -40.264179 -54.822369
      2      75.602684 -54.893173  96.321435
 P Tensor eigenvectors:
                   0          1          2    
      0       0.743955   0.249991   0.619706
      1       0.444502  -0.877588  -0.179603
      2      -0.498947  -0.409077   0.764008
 P Eigenvalues: 
                  0          1          2    
      0      32.503360 -67.729514 170.472035
P(iso)  45.081960
 Nucleus: 1 C  
 Shielding tensor (ppm): 
                  0          1          2    
      0      58.553101 -58.164334  77.229910
      1     -58.174143 -31.116727  -0.096935
      2      77.231540  -0.086192 107.924195
 P Tensor eigenvectors:
                   0          1          2    
      0      -0.588841   0.518813   0.619757
      1       0.537585   0.823989  -0.179013
      2       0.603548  -0.227762   0.764104
 P Eigenvalues: 
                  0          1          2    
      0      32.496320 -67.719705 170.583955
P(iso)  45.120190
 Nucleus: 2 C  
 Shielding tensor (ppm): 
                  0          1          2    
      0      26.162797 -11.193244 114.461433
      1     -11.188775  36.639223 -22.356455
      2     114.455540 -22.343247  72.601469
 P Tensor eigenvectors:
                   0          1          2    
      0       0.155027  -0.769581   0.619445
      1       0.982346   0.053628  -0.179223
      2       0.104707   0.636293   0.764308
 P Eigenvalues: 
                  0          1          2    
      0      32.491285 -67.702935 170.615139
P(iso)  45.134496
 Nucleus: 3 C  
 Shielding tensor (ppm): 
                  0          1          2    
      0      58.635805 -58.188395  77.331687
      1     -58.244708 -31.095964  -0.183390
      2      77.374992  -0.127576 108.100448
 P Tensor eigenvectors:
                   0          1          2    
      0      -0.588836   0.518685   0.619869
      1       0.537588   0.824024  -0.178840
      2       0.603549  -0.227927   0.764054
 P Eigenvalues: 
                  0          1          2    
      0      32.496522 -67.719608 170.863375
P(iso)  45.213430
 Nucleus: 4 C  
 Shielding tensor (ppm): 
                  0          1          2    
      0      79.393347   6.622028  75.819288
      1       6.621572 -40.235697 -54.942477
      2      75.821498 -54.956317  96.591348
 P Tensor eigenvectors:
                   0          1          2    
      0       0.743956   0.250122   0.619652
      1       0.444502  -0.877626  -0.179417
      2      -0.498947  -0.408915   0.764095
 P Eigenvalues: 
                  0          1          2    
      0      32.503199 -67.729164 170.974963
P(iso)  45.249666
 Nucleus: 5 C  
 Shielding tensor (ppm): 
                  0          1          2    
      0      26.284881 -11.228437 114.612010
      1     -11.216012  36.647045 -22.390021
      2     114.530963 -22.364947  72.694982
 P Tensor eigenvectors:
                   0          1          2    
      0       0.155026  -0.769712   0.619282
      1       0.982346   0.053666  -0.179210
      2       0.104706   0.636132   0.764443
 P Eigenvalues: 
                  0          1          2    
      0      32.491269 -67.702693 170.838333
P(iso)  45.208969
 Nucleus: 6 H  
 Shielding tensor (ppm): 
                  0          1          2    
      0      24.600154   1.571056  -2.529609
      1       1.574244  23.935301  -0.591987
      2      -2.526536  -0.596778  22.936334
 P Tensor eigenvectors:
                   0          1          2    
      0       0.619468   0.250522   0.743975
      1      -0.178779  -0.877787   0.444441
      2       0.764394  -0.408324  -0.498973
 P Eigenvalues: 
                  0          1          2    
      0      21.026684  23.209940  27.235165
P(iso)  23.823930
 Nucleus: 7 H  
 Shielding tensor (ppm): 
                  0          1          2    
      0      23.768132  -1.028163  -2.466571
      1      -1.032379  24.302778   1.604452
      2      -2.464299   1.607358  23.400613
 P Tensor eigenvectors:
                   0          1          2    
      0      -0.619382   0.519191  -0.588903
      1       0.179703   0.823952   0.537411
      2      -0.764246  -0.227035   0.603641
 P Eigenvalues: 
                  0          1          2    
      0      21.024907  23.211085  27.235530
P(iso)  23.823841
 Nucleus: 8 H  
 Shielding tensor (ppm): 
                  0          1          2    
      0      22.467804   0.856397  -0.968400
      1       0.857305  27.023568   0.712185
      2      -0.973417   0.714093  21.979425
 P Tensor eigenvectors:
                   0          1          2    
      0      -0.619971   0.769110  -0.155261
      1       0.179328  -0.053748  -0.982320
      2      -0.763857  -0.636852  -0.104601
 P Eigenvalues: 
                  0          1          2    
      0      21.023869  23.211988  27.234940
P(iso)  23.823599
 Nucleus: 9 H  
 Shielding tensor (ppm): 
                  0          1          2    
      0      23.767059  -1.027841  -2.467801
      1      -1.031506  24.302532   1.605533
      2      -2.466085   1.607932  23.398428
 P Tensor eigenvectors:
                   0          1          2    
      0      -0.619264   0.519340  -0.588896
      1       0.179898   0.823905   0.537417
      2      -0.764296  -0.226862   0.603643
 P Eigenvalues: 
                  0          1          2    
      0      21.021423  23.211074  27.235522
P(iso)  23.822673
 Nucleus: 10 H  
 Shielding tensor (ppm): 
                  0          1          2    
      0      24.597832   1.571700  -2.532483
      1       1.575347  23.935007  -0.590620
      2      -2.529035  -0.596085  22.933298
 P Tensor eigenvectors:
                   0          1          2    
      0       0.619521   0.250394   0.743973
      1      -0.178957  -0.877752   0.444440
      2       0.764309  -0.408479  -0.498976
 P Eigenvalues: 
                  0          1          2    
      0      21.020991  23.209965  27.235181
P(iso)  23.822046
 Nucleus: 11 H  
 Shielding tensor (ppm): 
                  0          1          2    
      0      22.466485   0.856797  -0.970013
      1       0.857592  27.023456   0.712554
      2      -0.974228   0.714363  21.978428
 P Tensor eigenvectors:
                   0          1          2    
      0      -0.620123   0.768988  -0.155261
      1       0.179342  -0.053710  -0.982320
      2      -0.763731  -0.637003  -0.104605
 P Eigenvalues: 
                  0          1          2    
      0      21.021464  23.211984  27.234921
P(iso)  23.822790
# -------------------------------------------------------------
----------------------- !GEOMETRIES! ------------------------
# -------------------------------------------------------------
------------------------ !GEOMETRY! -------------------------
    Number of atoms:    12 
    Geometry Index:     1 
    Coordinates:
               0 C      1.875505144099  -13.437417040017   -7.449994037868
               1 C      0.808039832977  -13.362913135924   -6.566584948709
               2 C      2.595875842848  -12.294182943151   -7.765544917929
               3 C      2.248313455026  -11.076398138259   -7.198314667690
               4 C      1.180847731008  -11.001894580242   -6.314905463561
               5 C      0.460477247765  -12.145128147911   -5.999353836635
               6 H      2.146612644437  -14.387219724326   -7.892108965542
               7 H      0.246292845498  -14.254521879848   -6.320431534458
               8 H      3.428440546537  -12.352248237217   -8.454467289063
               9 H      2.810063546704  -10.184791727053   -7.444469029539
              10 H      0.909740638424  -10.052091075534   -5.872791605090
              11 H     -0.372089475323  -12.087063370518   -5.310433703917
