-------------------------------------------------------------
----------------------- !PROPERTIES! ------------------------
-------------------------------------------------------------
# -----------------------------------------------------------
$ SCF_Energy
   description: The SCF energy
   geom. index: 1
   prop. index: 1
        SCF Energy:     -192.9971879588
# -----------------------------------------------------------
$ DFT_Energy
   description: The DFT energy
   geom. index: 1
   prop. index: 1
   Number of Alpha Electrons                 15.9999970115 
   Number of Beta  Electrons                 15.9999970115 
   Total number of  Electrons                31.9999940230 
   Exchange energy                          -25.8223295875 
   Correlation energy                        -1.0380279721 
   Correlation energy NL                      0.0000000000 
   Exchange-Correlation energy              -26.8603575596 
   Embedding correction                       0.0000000000 
   Total DFT Energy (No VdW correction)    -192.9971879588 
# -----------------------------------------------------------
$ Solvation_Details
   description: Details concerning solvation
   geom. index: 1
   prop. index: 1
     Epsilon:               80.4000000000
     Refrac:                 1.3300000000
     RSolv:                  1.3000000000
     Surface Type:                      2
     Number of Points:                622
     Surface Area:         377.6496109417
     Dielectric Energy:     -0.0101931712
# -----------------------------------------------------------
$ Calculation_Info
   description: Details of the calculation
   geom. index: 1
   prop. index: 1
     Multiplicity:                          1
     Charge:                                0
     number of atoms:                       10
     number of electrons:                   0
     number of frozen core electrons:       1
     number of correlated electrons:        0
     number of basis functions:             228
     number of aux C basis functions:       0
     number of aux J basis functions:       262
     number of aux JK basis functions:      0
     number of aux CABS basis functions:    0
     Total Energy                           -192.997188
# -----------------------------------------------------------
$ SCF_Electric_Properties
   description: The SCF Calculated Electric Properties
   geom. index: 1
   prop. index: 1
       Filename                          : Acetone.scfp 
       Do Dipole Moment Calculation      : true 
       Do Quadrupole Moment Calculation  : false 
       Do Polarizability Calculation     : false 
** Dipole moment part of electric properties **
        Magnitude of dipole moment (Debye) :        3.6685651998
        Electronic Contribution:
                  0    
      0      -0.197813
      1       3.399183
      2      -0.000022
        Nuclear Contribution:
                  0    
      0       0.281124
      1      -4.840072
      2       0.000029
        Total Dipole moment:
                  0    
      0       0.083311
      1      -1.440889
      2       0.000006
# -----------------------------------------------------------
$ EPRNMR_OrbitalShielding
   description: Orbital contribution to the NMR Shielding tensor (ppm)
   geom. index: 1
   prop. index: 1
 Number of stored nuclei 10
 Source density: 1 SCF 
 Nucleus: 0 C  
 Shielding tensor (ppm): 
                  0          1          2    
      0     173.035291  25.179608  -0.000186
      1      23.689385 144.979896  -0.000140
      2      -0.000243  -0.000074 128.973334
 P Tensor eigenvectors:
                   0          1          2    
      0       0.000007   0.503085   0.864237
      1      -0.000005  -0.864237   0.503085
      2       1.000000  -0.000008  -0.000004
 P Eigenvalues: 
                  0          1          2    
      0     128.973334 130.833075 187.182111
P(iso)  148.996174
 Nucleus: 1 C  
 Shielding tensor (ppm): 
                  0          1          2    
      0     -110.176282   0.269081  -0.000013
      1       0.223115 -114.863322   0.000665
      2       0.000069   0.000406  90.345274
 P Tensor eigenvectors:
                   0          1          2    
      0      -0.000002  -0.998637   0.052189
      1       0.000008  -0.052189  -0.998637
      2       1.000000  -0.000001   0.000008
 P Eigenvalues: 
                  0          1          2    
      0      90.345274 -110.163396 -114.876208
P(iso)  -44.898110
 Nucleus: 2 C  
 Shielding tensor (ppm): 
                  0          1          2    
      0     178.260608 -21.295027  -0.000190
      1     -19.625765 139.905241   0.000186
      2       0.000011  -0.000191 128.941724
 P Tensor eigenvectors:
                   0          1          2    
      0       0.000009  -0.399982   0.916523
      1       0.000015  -0.916523  -0.399982
      2       1.000000   0.000017  -0.000002
 P Eigenvalues: 
                  0          1          2    
      0     128.941724 131.040284 187.125565
P(iso)  149.035858
 Nucleus: 3 O  
 Shielding tensor (ppm): 
                  0          1          2    
      0     -371.700221  25.511434  -0.000279
      1      25.538790 -808.797648   0.002458
      2      -0.000380   0.003305 341.124597
 P Tensor eigenvectors:
                   0          1          2    
      0       0.000001  -0.998310   0.058112
      1       0.000002  -0.058112  -0.998310
      2       1.000000   0.000001   0.000002
 P Eigenvalues: 
                  0          1          2    
      0     341.124597 -370.214683 -810.283185
P(iso)  -279.791091
 Nucleus: 4 H  
 Shielding tensor (ppm): 
                  0          1          2    
      0      29.607056   2.021988  -0.000010
      1      -2.542381  31.106016  -0.000010
      2      -0.000004  -0.000021  25.465282
 P Tensor eigenvectors:
                   0          1          2    
      0       0.000002   0.979143  -0.203170
      1       0.000003   0.203170   0.979143
      2       1.000000  -0.000002  -0.000002
 P Eigenvalues: 
                  0          1          2    
      0      25.465282  29.565407  31.147665
P(iso)  28.726118
 Nucleus: 5 H  
 Shielding tensor (ppm): 
                  0          1          2    
      0      30.391919  -0.887015   3.608356
      1       0.620679  27.849427   0.260641
      2       2.798247  -0.394124  30.008681
 P Tensor eigenvectors:
                   0          1          2    
      0      -0.690687   0.001477   0.723152
      1      -0.038272   0.998522  -0.038593
      2       0.722140   0.054332   0.689610
 P Eigenvalues: 
                  0          1          2    
      0      26.989550  27.848686  33.411791
P(iso)  29.416676
 Nucleus: 6 H  
 Shielding tensor (ppm): 
                  0          1          2    
      0      30.391903  -0.887040  -3.608351
      1       0.620654  27.849416  -0.260625
      2      -2.798260   0.394146  30.008697
 P Tensor eigenvectors:
                   0          1          2    
      0      -0.690689   0.001477  -0.723150
      1      -0.038276   0.998521   0.038598
      2      -0.722138  -0.054339   0.689611
 P Eigenvalues: 
                  0          1          2    
      0      26.989546  27.848674  33.411795
P(iso)  29.416672
 Nucleus: 7 H  
 Shielding tensor (ppm): 
                  0          1          2    
      0      29.570196  -2.197879  -0.000021
      1       2.366186  31.172744   0.000044
      2      -0.000009   0.000047  25.535359
 P Tensor eigenvectors:
                   0          1          2    
      0       0.000004  -0.995969  -0.089698
      1      -0.000008   0.089698  -0.995969
      2       1.000000   0.000004  -0.000008
 P Eigenvalues: 
                  0          1          2    
      0      25.535359  29.568054  31.174887
P(iso)  28.759433
 Nucleus: 8 H  
 Shielding tensor (ppm): 
                  0          1          2    
      0      30.326372   1.175672   3.610596
      1      -0.323052  27.926487   0.170045
      2       2.786373   0.727461  30.003754
 P Tensor eigenvectors:
                   0          1          2    
      0       0.689588   0.121097   0.714006
      1       0.045960  -0.991251   0.123730
      2      -0.722742   0.052507   0.689121
 P Eigenvalues: 
                  0          1          2    
      0      26.961779  27.859022  33.435812
P(iso)  29.418871
 Nucleus: 9 H  
 Shielding tensor (ppm): 
                  0          1          2    
      0      30.326515   1.175794  -3.610613
      1      -0.323084  27.926533  -0.170051
      2      -2.786383  -0.727521  30.003646
 P Tensor eigenvectors:
                   0          1          2    
      0       0.689573   0.121109  -0.714018
      1       0.045964  -0.991249  -0.123741
      2       0.722756  -0.052509   0.689106
 P Eigenvalues: 
                  0          1          2    
      0      26.961775  27.859057  33.435861
P(iso)  29.418898
# -------------------------------------------------------------
----------------------- !GEOMETRIES! ------------------------
# -------------------------------------------------------------
------------------------ !GEOMETRY! -------------------------
    Number of atoms:    10 
    Geometry Index:     1 
    Coordinates:
               0 C     -7.108905173465    1.387197933138   -0.000000099670
               1 C     -5.857465812857    2.239815197889   -0.000006150990
               2 C     -4.515106338226    1.538227681080    0.000000718390
               3 O     -5.927614336583    3.441590941486   -0.000007312932
               4 H     -6.908691697235    0.318270079710    0.000003806949
               5 H     -7.715105445814    1.627575012269   -0.874472818217
               6 H     -7.715103290956    1.627582049066    0.874472211101
               7 H     -4.590570296726    0.453425955878   -0.000009729572
               8 H     -3.941512770424    1.847574200350    0.874655815086
               9 H     -3.941494837714    1.847590949135   -0.874636440145
