-------------------------------------------------------------
----------------------- !PROPERTIES! ------------------------
-------------------------------------------------------------
# -----------------------------------------------------------
$ SCF_Energy
   description: The SCF energy
   geom. index: 1
   prop. index: 1
        SCF Energy:     -448.8799506801
# -----------------------------------------------------------
$ DFT_Energy
   description: The DFT energy
   geom. index: 1
   prop. index: 1
   Number of Alpha Electrons                 25.0000009534 
   Number of Beta  Electrons                 25.0000009534 
   Total number of  Electrons                50.0000019068 
   Exchange energy                          -45.1220159335 
   Correlation energy                        -1.6604692363 
   Correlation energy NL                      0.0000000000 
   Exchange-Correlation energy              -46.7824851698 
   Embedding correction                       0.0000000000 
   Total DFT Energy (No VdW correction)    -448.8799506801 
# -----------------------------------------------------------
$ Calculation_Info
   description: Details of the calculation
   geom. index: 1
   prop. index: 1
     Multiplicity:                          1
     Charge:                                0
     number of atoms:                       17
     number of electrons:                   0
     number of frozen core electrons:       1
     number of correlated electrons:        0
     number of basis functions:             355
     number of aux C basis functions:       0
     number of aux J basis functions:       379
     number of aux JK basis functions:      0
     number of aux CABS basis functions:    0
     Total Energy                           -448.879951
# -----------------------------------------------------------
$ SCF_Electric_Properties
   description: The SCF Calculated Electric Properties
   geom. index: 1
   prop. index: 1
       Filename                          : TMS.scfp 
       Do Dipole Moment Calculation      : true 
       Do Quadrupole Moment Calculation  : false 
       Do Polarizability Calculation     : false 
** Dipole moment part of electric properties **
        Magnitude of dipole moment (Debye) :        0.0026330801
        Electronic Contribution:
                  0    
      0      -0.007321
      1       0.004222
      2       0.007144
        Nuclear Contribution:
                  0    
      0       0.006451
      1      -0.003723
      2      -0.006887
        Total Dipole moment:
                  0    
      0      -0.000871
      1       0.000499
      2       0.000257
# -----------------------------------------------------------
$ EPRNMR_OrbitalShielding
   description: Orbital contribution to the NMR Shielding tensor (ppm)
   geom. index: 1
   prop. index: 1
 Number of stored nuclei 17
 Source density: 1 SCF 
 Nucleus: 0 Si 
 Shielding tensor (ppm): 
                  0          1          2    
      0     323.928338  -0.113218  -0.513727
      1      -0.080179 324.030254  -0.029634
      2      -0.597881  -0.299790 323.606560
 P Tensor eigenvectors:
                   0          1          2    
      0       0.584282  -0.187203  -0.789664
      1       0.210186   0.974737  -0.075558
      2       0.783860  -0.121829   0.608869
 P Eigenvalues: 
                  0          1          2    
      0     323.147991 324.069452 324.347710
P(iso)  323.855051
 Nucleus: 1 C  
 Shielding tensor (ppm): 
                  0          1          2    
      0     183.115226   5.332219   0.392513
      1       5.254466 183.889509   0.226762
      2       0.480111   0.279260 178.160980
 P Tensor eigenvectors:
                   0          1          2    
      0      -0.490645   0.544205   0.680521
      1       0.409177  -0.545629   0.731344
      2       0.769312   0.637284   0.045034
 P Eigenvalues: 
                  0          1          2    
      0     178.017250 178.316807 188.831658
P(iso)  181.721905
 Nucleus: 2 C  
 Shielding tensor (ppm): 
                  0          1          2    
      0     187.173019  -3.915392  -0.387334
      1      -3.894015 179.922447   0.148693
      2      -0.258221   0.181130 178.216321
 P Tensor eigenvectors:
                   0          1          2    
      0      -0.205840   0.344206  -0.916052
      1      -0.541274   0.739819   0.399613
      2       0.815262   0.578092   0.034026
 P Eigenvalues: 
                  0          1          2    
      0     178.188370 178.235247 188.888169
P(iso)  181.770596
 Nucleus: 3 C  
 Shielding tensor (ppm): 
                  0          1          2    
      0     178.410244  -0.612790  -1.149696
      1      -0.598944 180.852499   4.659659
      2      -1.201941   4.715017 185.895624
 P Tensor eigenvectors:
                   0          1          2    
      0      -0.344584   0.930348  -0.125354
      1       0.783101   0.358514   0.508153
      2      -0.517701  -0.076937   0.852095
 P Eigenvalues: 
                  0          1          2    
      0     178.020999 178.274040 188.863328
P(iso)  181.719456
 Nucleus: 4 C  
 Shielding tensor (ppm): 
                  0          1          2    
      0     178.293391  -0.829281   0.879185
      1      -0.805225 182.287008  -5.144137
      2       0.795725  -5.139530 184.625881
 P Tensor eigenvectors:
                   0          1          2    
      0       0.729983  -0.674644   0.109453
      1       0.580195   0.527043  -0.620966
      2       0.361244   0.516799   0.776158
 P Eigenvalues: 
                  0          1          2    
      0     178.058156 178.290196 188.857927
P(iso)  181.735427
 Nucleus: 5 H  
 Shielding tensor (ppm): 
                  0          1          2    
      0      28.652039   1.466933  -0.381173
      1       1.185209  33.707080  -4.779823
      2      -0.092683  -4.447954  32.172213
 P Tensor eigenvectors:
                   0          1          2    
      0       0.637089   0.760677  -0.124450
      1      -0.553048   0.338656  -0.761216
      2      -0.536893   0.553790   0.636445
 P Eigenvalues: 
                  0          1          2    
      0      27.700530  29.064351  37.766452
P(iso)  31.510444
 Nucleus: 6 H  
 Shielding tensor (ppm): 
                  0          1          2    
      0      37.643562  -1.127915  -0.020312
      1      -0.625432  29.153370   0.097683
      2       0.015010   0.089031  27.711904
 P Tensor eigenvectors:
                   0          1          2    
      0      -0.005707   0.105259  -0.994428
      1      -0.067846   0.992112   0.105403
      2       0.997679   0.068069   0.001479
 P Eigenvalues: 
                  0          1          2    
      0      27.705576  29.070229  37.733031
P(iso)  31.502945
 Nucleus: 7 H  
 Shielding tensor (ppm): 
                  0          1          2    
      0      28.636640   1.338417   0.536782
      1       1.115580  32.337836   4.796746
      2       0.224005   4.479327  33.511029
 P Tensor eigenvectors:
                   0          1          2    
      0      -0.632919  -0.765253   0.117483
      1       0.624783  -0.415226   0.661236
      2      -0.457230   0.491910   0.740922
 P Eigenvalues: 
                  0          1          2    
      0      27.700323  29.052959  37.732223
P(iso)  31.495168
 Nucleus: 8 H  
 Shielding tensor (ppm): 
                  0          1          2    
      0      30.217632  -2.714035   2.063149
      1      -2.430315  32.164047  -4.357964
      2       1.691535  -4.185695  32.119861
 P Tensor eigenvectors:
                   0          1          2    
      0      -0.328166  -0.863065   0.383960
      1      -0.745047  -0.013389  -0.666878
      2      -0.580700   0.504915   0.638630
 P Eigenvalues: 
                  0          1          2    
      0      27.700856  29.065049  37.735635
P(iso)  31.500513
 Nucleus: 9 H  
 Shielding tensor (ppm): 
                  0          1          2    
      0      30.320954  -2.449339  -2.619096
      1      -2.233313  30.664946   4.033097
      2      -2.187138   3.849261  33.523310
 P Tensor eigenvectors:
                   0          1          2    
      0      -0.364768   0.838674  -0.404437
      1      -0.834304  -0.101559   0.541870
      2       0.413378   0.535081   0.736754
 P Eigenvalues: 
                  0          1          2    
      0      27.688786  29.055035  37.765390
P(iso)  31.503070
 Nucleus: 10 H  
 Shielding tensor (ppm): 
                  0          1          2    
      0      35.678115   3.923452   0.463153
      1       3.421454  31.088795   0.383344
      2       0.405264   0.388312  27.743840
 P Tensor eigenvectors:
                   0          1          2    
      0      -0.004028  -0.491340  -0.870959
      1      -0.108809   0.866010  -0.488045
      2       0.994055   0.092802  -0.056950
 P Eigenvalues: 
                  0          1          2    
      0      27.699849  29.065041  37.745860
P(iso)  31.503583
 Nucleus: 11 H  
 Shielding tensor (ppm): 
                  0          1          2    
      0      27.778468  -0.413230   0.333446
      1      -0.427338  30.161355  -2.687265
      2       0.437888  -3.182319  36.563062
 P Tensor eigenvectors:
                   0          1          2    
      0       0.980919  -0.187292   0.052160
      1       0.193254   0.909957  -0.366920
      2       0.021258   0.369999   0.928789
 P Eigenvalues: 
                  0          1          2    
      0      27.704059  29.067769  37.731056
P(iso)  31.500962
 Nucleus: 12 H  
 Shielding tensor (ppm): 
                  0          1          2    
      0      31.078323   4.046184   0.985892
      1       4.283712  33.744522   2.451205
      2       1.312437   2.766598  29.700515
 P Tensor eigenvectors:
                   0          1          2    
      0      -0.619434  -0.567633   0.542305
      1       0.630057   0.052638   0.774763
      2      -0.468327   0.821597   0.325036
 P Eigenvalues: 
                  0          1          2    
      0      27.710663  29.060564  37.752134
P(iso)  31.507787
 Nucleus: 13 H  
 Shielding tensor (ppm): 
                  0          1          2    
      0      34.599615  -3.847283  -1.678257
      1      -4.057219  30.338376   1.707118
      2      -2.106774   1.891476  29.574744
 P Tensor eigenvectors:
                   0          1          2    
      0       0.354325  -0.463556  -0.812139
      1       0.827275  -0.249515   0.503347
      2      -0.435970  -0.850211   0.295079
 P Eigenvalues: 
                  0          1          2    
      0      27.698012  29.059433  37.755289
P(iso)  31.504245
 Nucleus: 14 H  
 Shielding tensor (ppm): 
                  0          1          2    
      0      27.801792  -0.409250  -0.552675
      1      -0.395866  29.428236   1.616460
      2      -0.650119   2.124908  37.288010
 P Tensor eigenvectors:
                   0          1          2    
      0       0.978467  -0.194732  -0.068421
      1       0.205305   0.952370   0.225480
      2       0.021254  -0.234672   0.971842
 P Eigenvalues: 
                  0          1          2    
      0      27.704209  29.057579  37.756250
P(iso)  31.506013
 Nucleus: 15 H  
 Shielding tensor (ppm): 
                  0          1          2    
      0      34.632642  -3.974658   1.169770
      1      -4.266231  30.785799  -1.562354
      2       1.545542  -1.728553  29.099577
 P Tensor eigenvectors:
                   0          1          2    
      0       0.338711  -0.471667   0.814129
      1       0.754489  -0.380823  -0.534528
      2       0.562158   0.795302   0.226879
 P Eigenvalues: 
                  0          1          2    
      0      27.709466  29.072974  37.735579
P(iso)  31.506006
 Nucleus: 16 H  
 Shielding tensor (ppm): 
                  0          1          2    
      0      30.973865   4.160669  -0.342328
      1       4.427362  34.488913  -1.691687
      2      -0.621573  -2.020572  29.026381
 P Tensor eigenvectors:
                   0          1          2    
      0       0.641955   0.547811  -0.536466
      1      -0.550903  -0.157098  -0.819650
      2      -0.533291   0.821720   0.200941
 P Eigenvalues: 
                  0          1          2    
      0      27.688958  29.051863  37.748338
P(iso)  31.496386
# -------------------------------------------------------------
----------------------- !GEOMETRIES! ------------------------
# -------------------------------------------------------------
------------------------ !GEOMETRY! -------------------------
    Number of atoms:    17 
    Geometry Index:     1 
    Coordinates:
               0 Si    -2.021648900480    1.206859368963   -0.015211569663
               1 C     -0.732781939429    2.580156352483    0.092370208335
               2 C     -3.751758276878    1.958343612430    0.028179552417
               3 C     -1.794205886577    0.255500275884   -1.628361192786
               4 C     -1.804144157523    0.031746299521    1.444181518531
               5 H     -0.823841790268    3.281748221787   -0.738347957245
               6 H      0.282011347584    2.179230829420    0.069231267028
               7 H     -0.833457619525    3.154736139960    1.014820377153
               8 H     -3.904862306478    2.660283940858   -0.793373007317
               9 H     -3.930574704859    2.502468604177    0.957048041408
              10 H     -4.524192614874    1.191802684288   -0.052911997070
              11 H     -1.905332379528    0.907661808402   -2.496451352472
              12 H     -2.527837830664   -0.545908735571   -1.729549089025
              13 H     -0.804785104843   -0.200759395666   -1.690537954399
              14 H     -1.932107064654    0.546573241741    2.397741773300
              15 H     -0.810587720505   -0.419712918661    1.450133305848
              16 H     -2.529283050499   -0.783590330015    1.415918075955
