-------------------------------------------------------------
----------------------- !PROPERTIES! ------------------------
-------------------------------------------------------------
# -----------------------------------------------------------
$ SCF_Energy
   description: The SCF energy
   geom. index: 1
   prop. index: 1
        SCF Energy:     -448.8800508800
# -----------------------------------------------------------
$ DFT_Energy
   description: The DFT energy
   geom. index: 1
   prop. index: 1
   Number of Alpha Electrons                 25.0000000770 
   Number of Beta  Electrons                 25.0000000770 
   Total number of  Electrons                50.0000001541 
   Exchange energy                          -45.1204346825 
   Correlation energy                        -1.6604785791 
   Correlation energy NL                      0.0000000000 
   Exchange-Correlation energy              -46.7809132615 
   Embedding correction                       0.0000000000 
   Total DFT Energy (No VdW correction)    -448.8800508800 
# -----------------------------------------------------------
$ Calculation_Info
   description: Details of the calculation
   geom. index: 1
   prop. index: 1
     Multiplicity:                          1
     Charge:                                0
     number of atoms:                       17
     number of electrons:                   0
     number of frozen core electrons:       1
     number of correlated electrons:        0
     number of basis functions:             355
     number of aux C basis functions:       0
     number of aux J basis functions:       379
     number of aux JK basis functions:      0
     number of aux CABS basis functions:    0
     Total Energy                           -448.880051
# -----------------------------------------------------------
$ SCF_Electric_Properties
   description: The SCF Calculated Electric Properties
   geom. index: 1
   prop. index: 1
       Filename                          : TMS.scfp 
       Do Dipole Moment Calculation      : true 
       Do Quadrupole Moment Calculation  : false 
       Do Polarizability Calculation     : false 
** Dipole moment part of electric properties **
        Magnitude of dipole moment (Debye) :        0.0032638118
        Electronic Contribution:
                  0    
      0      -0.008461
      1       0.002450
      2       0.007846
        Nuclear Contribution:
                  0    
      0       0.007323
      1      -0.002044
      2      -0.007413
        Total Dipole moment:
                  0    
      0      -0.001138
      1       0.000406
      2       0.000434
# -----------------------------------------------------------
$ EPRNMR_OrbitalShielding
   description: Orbital contribution to the NMR Shielding tensor (ppm)
   geom. index: 1
   prop. index: 1
 Number of stored nuclei 17
 Source density: 1 SCF 
 Nucleus: 0 Si 
 Shielding tensor (ppm): 
                  0          1          2    
      0     323.480088  -0.127714  -0.512554
      1      -0.140294 323.619058  -0.057712
      2      -0.612367  -0.299520 323.184323
 P Tensor eigenvectors:
                   0          1          2    
      0       0.592980  -0.153087  -0.790531
      1       0.235105   0.971898  -0.011855
      2       0.770130  -0.178827   0.612308
 P Eigenvalues: 
                  0          1          2    
      0     322.696587 323.673065 323.913817
P(iso)  323.427823
 Nucleus: 1 C  
 Shielding tensor (ppm): 
                  0          1          2    
      0     182.874958   5.200565   0.382926
      1       5.125739 183.619979   0.206942
      2       0.484176   0.262675 177.984775
 P Tensor eigenvectors:
                   0          1          2    
      0      -0.450653   0.577265   0.680939
      1       0.370368  -0.573135   0.730988
      2       0.812243   0.581620   0.044484
 P Eigenvalues: 
                  0          1          2    
      0     177.851251 178.183545 188.444916
P(iso)  181.493237
 Nucleus: 2 C  
 Shielding tensor (ppm): 
                  0          1          2    
      0     186.815495  -3.847529  -0.392874
      1      -3.822667 179.731999   0.170722
      2      -0.241609   0.195989 178.113615
 P Tensor eigenvectors:
                   0          1          2    
      0       0.331672   0.227893  -0.915456
      1       0.801145   0.444369   0.400877
      2      -0.498157   0.866373   0.035191
 P Eigenvalues: 
                  0          1          2    
      0     178.029985 178.124278 188.506846
P(iso)  181.553703
 Nucleus: 3 C  
 Shielding tensor (ppm): 
                  0          1          2    
      0     178.239629  -0.591141  -1.115227
      1      -0.571706 180.664442   4.544840
      2      -1.173482   4.603266 185.579711
 P Tensor eigenvectors:
                   0          1          2    
      0      -0.415027   0.901291  -0.124208
      1       0.753430   0.417001   0.508382
      2      -0.509995  -0.117410   0.852126
 P Eigenvalues: 
                  0          1          2    
      0     177.889272 178.119720 188.474789
P(iso)  181.494594
 Nucleus: 4 C  
 Shielding tensor (ppm): 
                  0          1          2    
      0     178.168873  -0.809846   0.867794
      1      -0.770788 182.065870  -5.027056
      2       0.771840  -5.036033 184.322685
 P Tensor eigenvectors:
                   0          1          2    
      0       0.692056  -0.713531   0.109234
      1       0.607469   0.493951  -0.622089
      2       0.389924   0.496876   0.775289
 P Eigenvalues: 
                  0          1          2    
      0     177.936908 178.144956 188.475565
P(iso)  181.519143
 Nucleus: 5 H  
 Shielding tensor (ppm): 
                  0          1          2    
      0      28.641431   1.459413  -0.375029
      1       1.182732  33.654089  -4.762559
      2      -0.090915  -4.432201  32.174544
 P Tensor eigenvectors:
                   0          1          2    
      0       0.638650   0.759418  -0.124137
      1      -0.553586   0.341384  -0.759605
      2      -0.534479   0.553842   0.638429
 P Eigenvalues: 
                  0          1          2    
      0      27.691270  29.059903  37.718891
P(iso)  31.490021
 Nucleus: 6 H  
 Shielding tensor (ppm): 
                  0          1          2    
      0      37.592314  -1.143595  -0.002549
      1      -0.646315  29.153807   0.091406
      2       0.031719   0.080842  27.703087
 P Tensor eigenvectors:
                   0          1          2    
      0      -0.007192   0.107776  -0.994149
      1      -0.063514   0.992118   0.108015
      2       0.997955   0.063919  -0.000290
 P Eigenvalues: 
                  0          1          2    
      0      27.697506  29.065634  37.686068
P(iso)  31.483069
 Nucleus: 7 H  
 Shielding tensor (ppm): 
                  0          1          2    
      0      28.629089   1.317608   0.509548
      1       1.096502  32.313747   4.779250
      2       0.201233   4.465404  33.481630
 P Tensor eigenvectors:
                   0          1          2    
      0      -0.630454  -0.767719   0.114607
      1       0.625042  -0.414549   0.661416
      2      -0.460272   0.488627   0.741211
 P Eigenvalues: 
                  0          1          2    
      0      27.691976  29.049954  37.682536
P(iso)  31.474822
 Nucleus: 8 H  
 Shielding tensor (ppm): 
                  0          1          2    
      0      30.191641  -2.689152   2.040901
      1      -2.409334  32.133441  -4.345986
      2       1.672869  -4.177323  32.116243
 P Tensor eigenvectors:
                   0          1          2    
      0      -0.329494  -0.863544   0.381741
      1      -0.745338  -0.010291  -0.666607
      2      -0.579573   0.504169   0.640241
 P Eigenvalues: 
                  0          1          2    
      0      27.692064  29.063097  37.686164
P(iso)  31.480442
 Nucleus: 9 H  
 Shielding tensor (ppm): 
                  0          1          2    
      0      30.294226  -2.431459  -2.595146
      1      -2.217205  30.647252   4.025080
      2      -2.167796   3.843225  33.508202
 P Tensor eigenvectors:
                   0          1          2    
      0      -0.364217   0.839893  -0.402401
      1      -0.834132  -0.102018   0.542049
      2       0.414211   0.533078   0.737738
 P Eigenvalues: 
                  0          1          2    
      0      27.678991  29.049128  37.721560
P(iso)  31.483226
 Nucleus: 10 H  
 Shielding tensor (ppm): 
                  0          1          2    
      0      35.626354   3.910241   0.458414
      1       3.415523  31.087227   0.383108
      2       0.402134   0.390117  27.733958
 P Tensor eigenvectors:
                   0          1          2    
      0      -0.003369  -0.492932  -0.870061
      1      -0.109456   0.865020  -0.489652
      2       0.993986   0.093584  -0.056868
 P Eigenvalues: 
                  0          1          2    
      0      27.689916  29.060004  37.697619
P(iso)  31.482513
 Nucleus: 11 H  
 Shielding tensor (ppm): 
                  0          1          2    
      0      27.773429  -0.424426   0.345950
      1      -0.437450  30.165186  -2.690122
      2       0.449597  -3.179010  36.504611
 P Tensor eigenvectors:
                   0          1          2    
      0       0.980350  -0.189739   0.053964
      1       0.196140   0.908429  -0.369169
      2       0.021023   0.372500   0.927794
 P Eigenvalues: 
                  0          1          2    
      0      27.695770  29.064991  37.682466
P(iso)  31.481076
 Nucleus: 12 H  
 Shielding tensor (ppm): 
                  0          1          2    
      0      31.064367   4.039020   0.968495
      1       4.275035  33.720547   2.425648
      2       1.291920   2.738739  29.677983
 P Tensor eigenvectors:
                   0          1          2    
      0      -0.621042  -0.565139   0.543070
      1       0.629356   0.053395   0.775281
      2      -0.467139   0.823266   0.322513
 P Eigenvalues: 
                  0          1          2    
      0      27.701779  29.056751  37.704368
P(iso)  31.487632
 Nucleus: 13 H  
 Shielding tensor (ppm): 
                  0          1          2    
      0      34.584283  -3.825649  -1.668567
      1      -4.033542  30.306393   1.698556
      2      -2.089932   1.878772  29.558640
 P Tensor eigenvectors:
                   0          1          2    
      0       0.352457  -0.462940  -0.813302
      1       0.827423  -0.251856   0.501936
      2      -0.437201  -0.849856   0.294279
 P Eigenvalues: 
                  0          1          2    
      0      27.687969  29.053778  37.707568
P(iso)  31.483105
 Nucleus: 14 H  
 Shielding tensor (ppm): 
                  0          1          2    
      0      27.797179  -0.418416  -0.569876
      1      -0.405701  29.428701   1.624756
      2      -0.668178   2.125140  37.231487
 P Tensor eigenvectors:
                   0          1          2    
      0       0.977868  -0.196910  -0.070716
      1       0.208008   0.951349   0.227304
      2       0.022517  -0.236983   0.971253
 P Eigenvalues: 
                  0          1          2    
      0      27.695228  29.054834  37.707305
P(iso)  31.485789
 Nucleus: 15 H  
 Shielding tensor (ppm): 
                  0          1          2    
      0      34.633177  -3.942465   1.160215
      1      -4.231487  30.742219  -1.554847
      2       1.532497  -1.716608  29.083953
 P Tensor eigenvectors:
                   0          1          2    
      0       0.334406  -0.471087   0.816241
      1       0.753736  -0.386226  -0.531706
      2       0.565733   0.793036   0.225919
 P Eigenvalues: 
                  0          1          2    
      0      27.700749  29.071650  37.686950
P(iso)  31.486450
 Nucleus: 16 H  
 Shielding tensor (ppm): 
                  0          1          2    
      0      30.945315   4.150977  -0.326879
      1       4.413592  34.469504  -1.668137
      2      -0.602049  -1.994904  29.011097
 P Tensor eigenvectors:
                   0          1          2    
      0       0.645181   0.544387  -0.536082
      1      -0.549810  -0.156392  -0.820518
      2      -0.530518   0.824126   0.198409
 P Eigenvalues: 
                  0          1          2    
      0      27.677677  29.044012  37.704227
P(iso)  31.475305
# -------------------------------------------------------------
----------------------- !GEOMETRIES! ------------------------
# -------------------------------------------------------------
------------------------ !GEOMETRY! -------------------------
    Number of atoms:    17 
    Geometry Index:     1 
    Coordinates:
               0 Si    -2.021825276731    1.206619983363   -0.015102538505
               1 C     -0.732670890375    2.579514704841    0.092644523819
               2 C     -3.751584924455    1.958629454429    0.028089566124
               3 C     -1.794860338124    0.255735761639   -1.628519273923
               4 C     -1.803812716222    0.031601969417    1.444173447145
               5 H     -0.825221418486    3.278164962020   -0.740977197309
               6 H      0.280948498690    2.174278198765    0.071607499934
               7 H     -0.838181931773    3.153173629646    1.015667165746
               8 H     -3.900347852236    2.659688212692   -0.795609507543
               9 H     -3.926704241368    2.502588662727    0.958281345063
              10 H     -4.521680251287    1.189101646970   -0.052948026104
              11 H     -1.908452348959    0.911510032337   -2.494138148044
              12 H     -2.529852083046   -0.545612136321   -1.725172005902
              13 H     -0.803726992437   -0.198144821930   -1.688371283738
              14 H     -1.934831592391    0.549874692163    2.395944608080
              15 H     -0.807723602682   -0.415322076068    1.447631185513
              16 H     -2.528862038118   -0.784262876689    1.411678639644
