-------------------------------------------------------------
----------------------- !PROPERTIES! ------------------------
-------------------------------------------------------------
# -----------------------------------------------------------
$ SCF_Energy
   description: The SCF energy
   geom. index: 1
   prop. index: 1
        SCF Energy:     -360.4110587157
# -----------------------------------------------------------
$ DFT_Energy
   description: The DFT energy
   geom. index: 1
   prop. index: 1
   Number of Alpha Electrons                 25.9999770445 
   Number of Beta  Electrons                 25.9999770445 
   Total number of  Electrons                51.9999540889 
   Exchange energy                          -45.5847067452 
   Correlation energy                        -1.7530573149 
   Correlation energy NL                      0.0000000000 
   Exchange-Correlation energy              -47.3377640602 
   Embedding correction                       0.0000000000 
   Total DFT Energy (No VdW correction)    -360.4110587157 
# -----------------------------------------------------------
$ Calculation_Info
   description: Details of the calculation
   geom. index: 1
   prop. index: 1
     Multiplicity:                          1
     Charge:                                0
     number of atoms:                       12
     number of electrons:                   0
     number of frozen core electrons:       1
     number of correlated electrons:        0
     number of basis functions:             322
     number of aux C basis functions:       0
     number of aux J basis functions:       398
     number of aux JK basis functions:      0
     number of aux CABS basis functions:    0
     Total Energy                           -360.411059
# -----------------------------------------------------------
$ SCF_Electric_Properties
   description: The SCF Calculated Electric Properties
   geom. index: 1
   prop. index: 1
       Filename                          : F.scfp 
       Do Dipole Moment Calculation      : true 
       Do Quadrupole Moment Calculation  : false 
       Do Polarizability Calculation     : false 
** Dipole moment part of electric properties **
        Magnitude of dipole moment (Debye) :        1.9610629790
        Electronic Contribution:
                  0    
      0       0.737244
      1       3.854813
      2      -1.226351
        Nuclear Contribution:
                  0    
      0      -0.870525
      1      -4.581023
      2       1.450196
        Total Dipole moment:
                  0    
      0      -0.133282
      1      -0.726211
      2       0.223844
# -----------------------------------------------------------
$ EPRNMR_OrbitalShielding
   description: Orbital contribution to the NMR Shielding tensor (ppm)
   geom. index: 1
   prop. index: 1
 Number of stored nuclei 12
 Source density: 1 SCF 
 Nucleus: 0 C  
 Shielding tensor (ppm): 
                  0          1          2    
      0     139.278993  -1.258011  11.224662
      1      -0.119860 159.932404 -16.340891
      2      10.526612 -17.119760 144.192933
 P Tensor eigenvectors:
                   0          1          2    
      0      -0.605637   0.769467   0.202791
      1       0.349123   0.485951  -0.801227
      2       0.715065   0.414454   0.562948
 P Eigenvalues: 
                  0          1          2    
      0     126.827184 144.682672 171.894473
P(iso)  147.801443
 Nucleus: 1 C  
 Shielding tensor (ppm): 
                  0          1          2    
      0     145.621624  16.463564   7.909495
      1      15.356168 162.389665  -4.080388
      2       8.420341  -3.153829 135.822067
 P Tensor eigenvectors:
                   0          1          2    
      0      -0.610642  -0.595685  -0.521800
      1       0.347669   0.390358  -0.852494
      2       0.711507  -0.701983  -0.031268
 P Eigenvalues: 
                  0          1          2    
      0     127.047669 144.759496 172.026192
P(iso)  147.944452
 Nucleus: 2 C  
 Shielding tensor (ppm): 
                  0          1          2    
      0      31.387763  18.767446 -39.248519
      1       8.696238 -37.992668  58.469966
      2     -33.790161  67.116502   5.145759
 P Tensor eigenvectors:
                   0          1          2    
      0       0.777378  -0.602853   0.179587
      1       0.462518   0.354305  -0.812739
      2       0.426333   0.714868   0.554259
 P Eigenvalues: 
                  0          1          2    
      0      22.207917  66.687084 -90.354146
P(iso)  -0.486382
 Nucleus: 3 C  
 Shielding tensor (ppm): 
                  0          1          2    
      0       1.445390 -67.797737 -21.453195
      1     -57.265035 -48.318779   7.198228
      2     -26.634441  -1.069478  45.337810
 P Tensor eigenvectors:
                   0          1          2    
      0      -0.618676  -0.600124  -0.507042
      1       0.374058   0.342535  -0.861830
      2      -0.690884   0.722856  -0.012563
 P Eigenvalues: 
                  0          1          2    
      0      22.237169  66.627671 -90.400418
P(iso)  -0.511860
 Nucleus: 4 N  
 Shielding tensor (ppm): 
                  0          1          2    
      0      70.929466 -19.216612 -21.325974
      1     -20.188221  14.205362  27.932414
      2     -21.088332  26.848439  76.202732
 P Tensor eigenvectors:
                   0          1          2    
      0       0.172185  -0.775389  -0.607556
      1       0.941019  -0.052893   0.334194
      2      -0.291266  -0.629265   0.720548
 P Eigenvalues: 
                  0          1          2    
      0       1.874402  52.371059 107.092099
P(iso)  53.779187
 Nucleus: 5 O  
 Shielding tensor (ppm): 
                  0          1          2    
      0     -181.098389 -180.019522 -345.244141
      1     -126.665432 -168.118460 134.557505
      2     -370.285698  89.482539 -29.812988
 P Tensor eigenvectors:
                   0          1          2    
      0       0.034084  -0.608840   0.792560
      1       0.909429   0.347760   0.228038
      2      -0.414460   0.713005   0.565550
 P Eigenvalues: 
                  0          1          2    
      0     -228.219847 328.483612 -479.293603
P(iso)  -126.343279
 Nucleus: 6 O  
 Shielding tensor (ppm): 
                  0          1          2    
      0     -171.187770 -72.704216 -379.083933
      1     -125.746738 -163.563504 129.547971
      2     -351.459133 173.068152 -44.376702
 P Tensor eigenvectors:
                   0          1          2    
      0       0.320819  -0.603329   0.730116
      1       0.930552   0.344422  -0.124280
      2      -0.176486   0.719283   0.671926
 P Eigenvalues: 
                  0          1          2    
      0     -228.216295 328.561293 -479.472973
P(iso)  -126.375992
 Nucleus: 7 H  
 Shielding tensor (ppm): 
                  0          1          2    
      0      32.604313   1.492372  -0.631698
      1       2.166353  25.851873  -0.992296
      2      -1.694941  -1.962735  28.207951
 P Tensor eigenvectors:
                   0          1          2    
      0       0.163570   0.345134  -0.924190
      1      -0.916760  -0.292866  -0.271624
      2      -0.364411   0.891691   0.268501
 P Eigenvalues: 
                  0          1          2    
      0      24.948243  28.215401  33.500493
P(iso)  28.888046
 Nucleus: 8 H  
 Shielding tensor (ppm): 
                  0          1          2    
      0      26.868691  -1.250397   1.603633
      1       0.106787  30.298083   3.871512
      2       1.682377   3.186416  29.458717
 P Tensor eigenvectors:
                   0          1          2    
      0       0.655877   0.746229   0.113877
      1       0.460436  -0.515023   0.723015
      2      -0.598184   0.421775   0.681382
 P Eigenvalues: 
                  0          1          2    
      0      24.943992  28.179692  33.501807
P(iso)  28.875164
 Nucleus: 9 H  
 Shielding tensor (ppm): 
                  0          1          2    
      0      30.498992  -2.748491   1.230178
      1      -3.760706  29.982415   0.456815
      2       1.133519   1.644327  26.175325
 P Tensor eigenvectors:
                   0          1          2    
      0      -0.423714   0.517768  -0.743225
      1      -0.435782   0.602796   0.668379
      2       0.794078   0.607085  -0.029779
 P Eigenvalues: 
                  0          1          2    
      0      24.950270  28.198101  33.508362
P(iso)  28.885577
 Nucleus: 10 H  
 Shielding tensor (ppm): 
                  0          1          2    
      0      27.738003   1.735241  -0.724827
      1       0.731897  25.747097  -1.800118
      2       0.352666  -1.312791  33.176904
 P Tensor eigenvectors:
                   0          1          2    
      0      -0.395646   0.916084  -0.065222
      1       0.903851   0.375802  -0.204513
      2       0.162841   0.139866   0.976689
 P Eigenvalues: 
                  0          1          2    
      0      24.939308  28.201279  33.521417
P(iso)  28.887335
 Nucleus: 11 H  
 Shielding tensor (ppm): 
                  0          1          2    
      0      23.863099   0.307639  -0.684046
      1       0.263776  26.118631  -0.561639
      2      -0.694254  -0.603879  24.202164
 P Tensor eigenvectors:
                   0          1          2    
      0       0.770969   0.607547   0.191036
      1       0.053401  -0.360570   0.931202
      2       0.634630  -0.707726  -0.310432
 P Eigenvalues: 
                  0          1          2    
      0      23.315742  24.496210  26.371940
P(iso)  24.727964
# -------------------------------------------------------------
----------------------- !GEOMETRIES! ------------------------
# -------------------------------------------------------------
------------------------ !GEOMETRY! -------------------------
    Number of atoms:    12 
    Geometry Index:     1 
    Coordinates:
               0 C     -6.914804863484   -1.090401832135   -5.449257418268
               1 C     -5.736593491343   -1.008206112950   -4.483126058738
               2 C     -5.157670717858    0.381096641819   -4.669820448972
               3 C     -6.968634621447    0.261579320283   -6.135079820568
               4 N     -5.926175510832    1.009858438755   -5.627751037272
               5 O     -4.217363841154    0.867627516163   -4.108309043214
               6 O     -7.752243072019    0.636045074414   -6.960849310861
               7 H     -7.868246932541   -1.275343793819   -4.954059585259
               8 H     -6.799034268428   -1.867346517351   -6.205354100710
               9 H     -4.960348093219   -1.746987112031   -4.683804926128
              10 H     -6.025622172223   -1.134659889414   -3.439455487066
              11 H     -5.744772415452    1.956448266266   -5.928642762944
