-------------------------------------------------------------
----------------------- !PROPERTIES! ------------------------
-------------------------------------------------------------
# -----------------------------------------------------------
$ SCF_Energy
   description: The SCF energy
   geom. index: 1
   prop. index: 1
        SCF Energy:     -197.5508114629
# -----------------------------------------------------------
$ DFT_Energy
   description: The DFT energy
   geom. index: 1
   prop. index: 1
   Number of Alpha Electrons                 21.0000085168 
   Number of Beta  Electrons                 21.0000085168 
   Total number of  Electrons                42.0000170335 
   Exchange energy                          -30.0240072529 
   Correlation energy                        -1.3455890732 
   Correlation energy NL                      0.0000000000 
   Exchange-Correlation energy              -31.3695963261 
   Embedding correction                       0.0000000000 
   Total DFT Energy (No VdW correction)    -197.5508114629 
# -----------------------------------------------------------
$ Calculation_Info
   description: Details of the calculation
   geom. index: 1
   prop. index: 1
     Multiplicity:                          1
     Charge:                                0
     number of atoms:                       17
     number of electrons:                   0
     number of frozen core electrons:       1
     number of correlated electrons:        0
     number of basis functions:             348
     number of aux C basis functions:       0
     number of aux J basis functions:       377
     number of aux JK basis functions:      0
     number of aux CABS basis functions:    0
     Total Energy                           -197.550811
# -----------------------------------------------------------
$ SCF_Electric_Properties
   description: The SCF Calculated Electric Properties
   geom. index: 1
   prop. index: 1
       Filename                          : B.scfp 
       Do Dipole Moment Calculation      : true 
       Do Quadrupole Moment Calculation  : false 
       Do Polarizability Calculation     : false 
** Dipole moment part of electric properties **
        Magnitude of dipole moment (Debye) :        0.0007213361
        Electronic Contribution:
                  0    
      0       0.001929
      1      -0.003067
      2      -0.002183
        Nuclear Contribution:
                  0    
      0      -0.001776
      1       0.002830
      2       0.002160
        Total Dipole moment:
                  0    
      0       0.000154
      1      -0.000237
      2      -0.000023
# -----------------------------------------------------------
$ EPRNMR_OrbitalShielding
   description: Orbital contribution to the NMR Shielding tensor (ppm)
   geom. index: 1
   prop. index: 1
 Number of stored nuclei 17
 Source density: 1 SCF 
 Nucleus: 0 C  
 Shielding tensor (ppm): 
                  0          1          2    
      0     147.864889   0.026827  -0.076496
      1       0.012578 147.853346  -0.000849
      2      -0.020182  -0.006113 147.855823
 P Tensor eigenvectors:
                   0          1          2    
      0       0.682682   0.032122  -0.730009
      1      -0.249611  -0.928686  -0.274293
      2       0.686760  -0.369473   0.625979
 P Eigenvalues: 
                  0          1          2    
      0     147.809046 147.851279 147.913733
P(iso)  147.858019
 Nucleus: 1 C  
 Shielding tensor (ppm): 
                  0          1          2    
      0     145.177510 -23.815374  -0.225315
      1     -23.775293 166.982965   0.274128
      2      -0.239217   0.207221 129.949730
 P Tensor eigenvectors:
                   0          1          2    
      0      -0.681251  -0.494198   0.540060
      1      -0.432707  -0.323217  -0.841603
      2      -0.590475   0.807031  -0.006349
 P Eigenvalues: 
                  0          1          2    
      0     129.858165 129.995573 182.256468
P(iso)  147.370069
 Nucleus: 2 C  
 Shielding tensor (ppm): 
                  0          1          2    
      0     179.201813  11.433887   4.265425
      1      11.388087 132.454808   1.055715
      2       4.231188   1.105363 130.136965
 P Tensor eigenvectors:
                   0          1          2    
      0      -0.073129   0.228307   0.970839
      1       0.610728  -0.759328   0.224571
      2      -0.788456  -0.609341   0.083904
 P Eigenvalues: 
                  0          1          2    
      0     129.693890 129.892317 182.207379
P(iso)  147.264529
 Nucleus: 3 C  
 Shielding tensor (ppm): 
                  0          1          2    
      0     133.859960   8.340735 -10.963986
      1       8.461176 147.308675 -23.382748
      2     -10.996071 -23.350887 160.592535
 P Tensor eigenvectors:
                   0          1          2    
      0       0.277314  -0.920541  -0.275137
      1      -0.811664  -0.071231  -0.579765
      2      -0.514099  -0.384096   0.766924
 P Eigenvalues: 
                  0          1          2    
      0     129.633407 129.930600 182.197163
P(iso)  147.253723
 Nucleus: 4 C  
 Shielding tensor (ppm): 
                  0          1          2    
      0     130.885616   3.951166   6.984028
      1       3.906194 142.394531  22.019134
      2       7.015909  21.993069 168.343908
 P Tensor eigenvectors:
                   0          1          2    
      0       0.949927  -0.271524   0.154637
      1       0.164938   0.856038   0.489892
      2      -0.265393  -0.439856   0.857959
 P Eigenvalues: 
                  0          1          2    
      0     129.612107 129.840182 182.171765
P(iso)  147.208018
 Nucleus: 5 H  
 Shielding tensor (ppm): 
                  0          1          2    
      0      27.951102  -1.907396  -1.092174
      1      -1.145741  33.037210   4.575716
      2      -0.208138   3.217701  30.654084
 P Tensor eigenvectors:
                   0          1          2    
      0      -0.753026   0.632054  -0.182920
      1      -0.495917  -0.362462   0.789105
      2       0.432456   0.684930   0.586390
 P Eigenvalues: 
                  0          1          2    
      0      27.319349  28.089092  36.233955
P(iso)  30.547465
 Nucleus: 6 H  
 Shielding tensor (ppm): 
                  0          1          2    
      0      27.826824  -1.554661   0.575292
      1      -0.532771  33.843837  -4.354385
      2      -0.216554  -3.110110  29.998462
 P Tensor eigenvectors:
                   0          1          2    
      0       0.707461  -0.698664   0.106619
      1       0.433048   0.309299  -0.846643
      2       0.558542   0.645138   0.521372
 P Eigenvalues: 
                  0          1          2    
      0      27.329443  28.106210  36.233470
P(iso)  30.556374
 Nucleus: 7 H  
 Shielding tensor (ppm): 
                  0          1          2    
      0      35.409356  -1.526853   0.466582
      1      -3.315877  28.900743  -0.152418
      2       0.372960  -0.029616  27.346800
 P Tensor eigenvectors:
                   0          1          2    
      0      -0.064145  -0.297676   0.952510
      1      -0.040718  -0.952900  -0.300540
      2       0.997110  -0.058063   0.049003
 P Eigenvalues: 
                  0          1          2    
      0      27.323595  28.103011  36.230292
P(iso)  30.552299
 Nucleus: 8 H  
 Shielding tensor (ppm): 
                  0          1          2    
      0      31.426108   2.876403   3.966363
      1       2.046922  29.160713   2.725319
      2       2.399554   2.431971  31.085444
 P Tensor eigenvectors:
                   0          1          2    
      0      -0.171845  -0.756574   0.630923
      1       0.873724   0.178789   0.452372
      2      -0.455056   0.628991   0.630313
 P Eigenvalues: 
                  0          1          2    
      0      27.334270  28.103521  36.234474
P(iso)  30.557422
 Nucleus: 9 H  
 Shielding tensor (ppm): 
                  0          1          2    
      0      34.641316  -4.097039   0.286321
      1      -2.310897  29.678322  -0.024575
      2       0.388847  -0.146817  27.359315
 P Tensor eigenvectors:
                   0          1          2    
      0      -0.075260  -0.447332   0.891196
      1      -0.066316  -0.889507  -0.452084
      2       0.994956  -0.093124   0.037279
 P Eigenvalues: 
                  0          1          2    
      0      27.339529  28.115516  36.223907
P(iso)  30.559651
 Nucleus: 10 H  
 Shielding tensor (ppm): 
                  0          1          2    
      0      32.279088   3.626266  -3.367828
      1       2.672514  29.736509  -2.487254
      2      -1.910482  -2.072838  29.647695
 P Tensor eigenvectors:
                   0          1          2    
      0       0.230073   0.664174  -0.711295
      1      -0.811507  -0.272485  -0.516921
      2      -0.537143   0.696150   0.476290
 P Eigenvalues: 
                  0          1          2    
      0      27.334034  28.099632  36.229625
P(iso)  30.554431
 Nucleus: 11 H  
 Shielding tensor (ppm): 
                  0          1          2    
      0      27.468015   0.235130  -0.743875
      1       0.306212  27.983189  -0.763885
      2      -0.069115   0.891341  36.211020
 P Tensor eigenvectors:
                   0          1          2    
      0      -0.920579   0.388409  -0.040900
      1       0.387944   0.921485   0.019075
      2      -0.045097  -0.001693   0.998981
 P Eigenvalues: 
                  0          1          2    
      0      27.334018  28.099582  36.228625
P(iso)  30.554075
 Nucleus: 12 H  
 Shielding tensor (ppm): 
                  0          1          2    
      0      33.288990   2.736370  -1.577355
      1       3.699187  29.394882  -1.531603
      2      -3.034615  -1.952560  28.996887
 P Tensor eigenvectors:
                   0          1          2    
      0       0.236874   0.537591  -0.809251
      1      -0.816214  -0.341675  -0.465889
      2      -0.526958   0.770879   0.357856
 P Eigenvalues: 
                  0          1          2    
      0      27.335713  28.108106  36.236941
P(iso)  30.560253
 Nucleus: 13 H  
 Shielding tensor (ppm): 
                  0          1          2    
      0      28.103182  -1.222916   0.011057
      1      -2.248752  34.294149  -2.573962
      2       0.795643  -3.815242  29.277298
 P Tensor eigenvectors:
                   0          1          2    
      0       0.689330  -0.690447   0.219332
      1       0.437285   0.155178  -0.885834
      2       0.577586   0.706543   0.408891
 P Eigenvalues: 
                  0          1          2    
      0      27.339687  28.116301  36.218640
P(iso)  30.558210
 Nucleus: 14 H  
 Shielding tensor (ppm): 
                  0          1          2    
      0      28.283216  -1.772678  -0.378933
      1      -2.535452  33.561439   2.718576
      2      -1.267578   4.087778  29.842834
 P Tensor eigenvectors:
                   0          1          2    
      0       0.760439  -0.584166  -0.283694
      1       0.493962   0.236710   0.836642
      2      -0.421585  -0.776349   0.468560
 P Eigenvalues: 
                  0          1          2    
      0      27.340488  28.117171  36.229829
P(iso)  30.562496
 Nucleus: 15 H  
 Shielding tensor (ppm): 
                  0          1          2    
      0      32.474720   2.215116   2.331132
      1       3.050776  28.965355   1.974529
      2       3.886160   2.267984  30.219085
 P Tensor eigenvectors:
                   0          1          2    
      0      -0.168242  -0.645742   0.744790
      1       0.871794   0.255170   0.418167
      2      -0.460076   0.719656   0.520024
 P Eigenvalues: 
                  0          1          2    
      0      27.337313  28.100151  36.221696
P(iso)  30.553053
 Nucleus: 16 H  
 Shielding tensor (ppm): 
                  0          1          2    
      0      27.523358   0.399472  -0.474140
      1       0.316013  28.110036  -0.104513
      2      -1.138038  -1.764498  36.036432
 P Tensor eigenvectors:
                   0          1          2    
      0       0.926158   0.363247  -0.101401
      1      -0.374373   0.918001  -0.130837
      2       0.045560   0.159138   0.986205
 P Eigenvalues: 
                  0          1          2    
      0      27.339027  28.105710  36.225088
P(iso)  30.556609
# -------------------------------------------------------------
----------------------- !GEOMETRIES! ------------------------
# -------------------------------------------------------------
------------------------ !GEOMETRY! -------------------------
    Number of atoms:    17 
    Geometry Index:     1 
    Coordinates:
               0 C     -3.219131994315    1.096830910321    0.601754204028
               1 C     -2.394521416582   -0.189551280796    0.591078272828
               2 C     -4.703236224109    0.753316153699    0.474890454292
               3 C     -2.800184317351    1.982587915872   -0.571677751317
               4 C     -2.979983745619    1.843753432789    1.913594109636
               5 H     -2.546196624230   -0.753398313207   -0.331985859339
               6 H     -2.665824169216   -0.842294684158    1.423503301825
               7 H     -1.326556599258    0.023283610898    0.674714780516
               8 H     -4.909766806560    0.221834006148   -0.456379218746
               9 H     -5.320153628985    1.654337975935    0.483691750992
              10 H     -5.036255687290    0.117987570912    1.298192251509
              11 H     -2.960007503228    1.478616683960   -1.527035980620
              12 H     -1.742640230702    2.247581840598   -0.511202673853
              13 H     -3.372948883371    2.912002331689   -0.589004029041
              14 H     -3.558687455804    2.768739811224    1.952697834337
              15 H     -1.927180387321    2.106864629498    2.034665712850
              16 H     -3.268994326058    1.236717404618    2.774042840104
