-------------------------------------------------------------
----------------------- !PROPERTIES! ------------------------
-------------------------------------------------------------
# -----------------------------------------------------------
$ SCF_Energy
   description: The SCF energy
   geom. index: 1
   prop. index: 1
        SCF Energy:     -157.0450748800
# -----------------------------------------------------------
$ DFT_Energy
   description: The DFT energy
   geom. index: 1
   prop. index: 1
   Number of Alpha Electrons                 16.0000053653 
   Number of Beta  Electrons                 16.0000053653 
   Total number of  Electrons                32.0000107306 
   Exchange energy                          -23.4730055832 
   Correlation energy                        -1.0353080005 
   Correlation energy NL                      0.0000000000 
   Exchange-Correlation energy              -24.5083135837 
   Embedding correction                       0.0000000000 
   Total DFT Energy (No VdW correction)    -157.0450748800 
# -----------------------------------------------------------
$ Calculation_Info
   description: Details of the calculation
   geom. index: 1
   prop. index: 1
     Multiplicity:                          1
     Charge:                                0
     number of atoms:                       12
     number of electrons:                   0
     number of frozen core electrons:       1
     number of correlated electrons:        0
     number of basis functions:             256
     number of aux C basis functions:       0
     number of aux J basis functions:       284
     number of aux JK basis functions:      0
     number of aux CABS basis functions:    0
     Total Energy                           -157.045075
# -----------------------------------------------------------
$ SCF_Electric_Properties
   description: The SCF Calculated Electric Properties
   geom. index: 1
   prop. index: 1
       Filename                          : A.scfp 
       Do Dipole Moment Calculation      : true 
       Do Quadrupole Moment Calculation  : false 
       Do Polarizability Calculation     : false 
** Dipole moment part of electric properties **
        Magnitude of dipole moment (Debye) :        0.0001573501
        Electronic Contribution:
                  0    
      0      -0.000393
      1       0.000728
      2       0.000067
        Nuclear Contribution:
                  0    
      0       0.000434
      1      -0.000763
      2      -0.000035
        Total Dipole moment:
                  0    
      0       0.000041
      1      -0.000035
      2       0.000031
# -----------------------------------------------------------
$ EPRNMR_OrbitalShielding
   description: Orbital contribution to the NMR Shielding tensor (ppm)
   geom. index: 1
   prop. index: 1
 Number of stored nuclei 12
 Source density: 1 SCF 
 Nucleus: 0 C  
 Shielding tensor (ppm): 
                  0          1          2    
      0     160.826315   8.830353   1.581802
      1       8.955521 161.019658  -2.223126
      2       9.681934 -10.074428 142.217800
 P Tensor eigenvectors:
                   0          1          2    
      0      -0.332831  -0.634839  -0.697282
      1       0.345149   0.606116  -0.716586
      2       0.877551  -0.479168   0.017380
 P Eigenvalues: 
                  0          1          2    
      0     137.461212 156.778995 169.823566
P(iso)  154.687924
 Nucleus: 1 C  
 Shielding tensor (ppm): 
                  0          1          2    
      0     162.928312  -6.879981   2.168090
      1      -8.363177 160.281500  -3.776877
      2      -5.551064 -11.807487 140.980529
 P Tensor eigenvectors:
                   0          1          2    
      0       0.158678   0.680562  -0.715302
      1       0.357783   0.635605   0.684104
      2       0.920224  -0.364475  -0.142637
 P Eigenvalues: 
                  0          1          2    
      0     137.513464 156.799166 169.877712
P(iso)  154.730114
 Nucleus: 2 C  
 Shielding tensor (ppm): 
                  0          1          2    
      0     161.214403  -8.284803   3.553221
      1      -6.794746 162.608450  -2.427468
      2      11.315763   5.608305 140.723717
 P Tensor eigenvectors:
                   0          1          2    
      0      -0.332454   0.620947  -0.709859
      1      -0.149547   0.708441   0.689745
      2       0.931188   0.335465  -0.142663
 P Eigenvalues: 
                  0          1          2    
      0     137.682136 156.827795 170.036638
P(iso)  154.848856
 Nucleus: 3 C  
 Shielding tensor (ppm): 
                  0          1          2    
      0     162.554974   7.225427   0.538852
      1       7.095581 163.253438  -1.281285
      2      -7.612112   6.590648 138.818315
 P Tensor eigenvectors:
                   0          1          2    
      0       0.168939  -0.700417  -0.693452
      1      -0.139186   0.679561  -0.720295
      2       0.975749   0.218204   0.017316
 P Eigenvalues: 
                  0          1          2    
      0     137.745361 156.799219 170.082147
P(iso)  154.875576
 Nucleus: 4 H  
 Shielding tensor (ppm): 
                  0          1          2    
      0      29.157584  -1.688148  -2.971052
      1      -1.655115  29.164455   2.924582
      2      -1.639704   1.635882  29.438165
 P Tensor eigenvectors:
                   0          1          2    
      0      -0.469461   0.695539  -0.543904
      1       0.435748   0.718272   0.542411
      2      -0.767939  -0.017636   0.640280
 P Eigenvalues: 
                  0          1          2    
      0      26.819960  27.489757  33.450487
P(iso)  29.253401
 Nucleus: 5 H  
 Shielding tensor (ppm): 
                  0          1          2    
      0      30.429383  -3.895959   3.149098
      1      -3.924598  30.052642  -3.000101
      2       2.018619  -1.907864  28.307707
 P Tensor eigenvectors:
                   0          1          2    
      0       0.695328  -0.304888   0.650817
      1       0.718494   0.316201  -0.619503
      2      -0.016910   0.898365   0.438924
 P Eigenvalues: 
                  0          1          2    
      0      26.326096  26.623725  35.839911
P(iso)  29.596577
 Nucleus: 6 H  
 Shielding tensor (ppm): 
                  0          1          2    
      0      28.258182   1.342956   2.622952
      1       1.078695  29.296090   3.294208
      2       1.354430   1.974986  30.218858
 P Tensor eigenvectors:
                   0          1          2    
      0       0.576808   0.713763   0.397284
      1       0.460583  -0.685835   0.563465
      2      -0.674652   0.142029   0.724343
 P Eigenvalues: 
                  0          1          2    
      0      26.829036  27.490421  33.453673
P(iso)  29.257710
 Nucleus: 7 H  
 Shielding tensor (ppm): 
                  0          1          2    
      0      30.879433   4.198320  -2.533703
      1       4.423408  30.418073  -2.387447
      2      -1.450654  -1.268062  27.495458
 P Tensor eigenvectors:
                   0          1          2    
      0       0.711595   0.133077  -0.689871
      1      -0.689533   0.320695  -0.649383
      2       0.134820   0.937787   0.319967
 P Eigenvalues: 
                  0          1          2    
      0      26.325737  26.627304  35.839924
P(iso)  29.597655
 Nucleus: 8 H  
 Shielding tensor (ppm): 
                  0          1          2    
      0      30.225033   4.489837   2.121245
      1       4.265459  31.254182   2.410000
      2       1.046073   1.289531  27.327166
 P Tensor eigenvectors:
                   0          1          2    
      0       0.714329   0.295730   0.634254
      1      -0.686101   0.117439   0.717965
      2       0.137837  -0.948025   0.286791
 P Eigenvalues: 
                  0          1          2    
      0      26.325436  26.638961  35.841983
P(iso)  29.602127
 Nucleus: 9 H  
 Shielding tensor (ppm): 
                  0          1          2    
      0      29.091159   0.993223  -3.207771
      1       1.258210  28.231906  -2.705632
      2      -1.933716  -1.385146  30.470232
 P Tensor eigenvectors:
                   0          1          2    
      0       0.458371   0.712230  -0.531625
      1       0.609308  -0.687295  -0.395435
      2       0.647023   0.142668   0.749004
 P Eigenvalues: 
                  0          1          2    
      0      26.840710  27.489918  33.462669
P(iso)  29.264432
 Nucleus: 10 H  
 Shielding tensor (ppm): 
                  0          1          2    
      0      28.307573  -0.718391   2.937818
      1      -0.750681  28.149579  -2.751346
      2       1.600778  -1.457537  31.344762
 P Tensor eigenvectors:
                   0          1          2    
      0      -0.590183   0.696769   0.407672
      1       0.587898   0.717052  -0.374449
      2       0.553227  -0.018676   0.832821
 P Eigenvalues: 
                  0          1          2    
      0      26.841473  27.490724  33.469718
P(iso)  29.267305
 Nucleus: 11 H  
 Shielding tensor (ppm): 
                  0          1          2    
      0      31.093241  -4.659259  -1.568391
      1      -4.632594  30.847865   1.532705
      2      -0.445763   0.442064  26.863535
 P Tensor eigenvectors:
                   0          1          2    
      0       0.696092  -0.130214  -0.706046
      1       0.717808   0.106463   0.688053
      2      -0.014427  -0.985753   0.167577
 P Eigenvalues: 
                  0          1          2    
      0      26.322939  26.643446  35.838256
P(iso)  29.601547
# -------------------------------------------------------------
----------------------- !GEOMETRIES! ------------------------
# -------------------------------------------------------------
------------------------ !GEOMETRY! -------------------------
    Number of atoms:    12 
    Geometry Index:     1 
    Coordinates:
               0 C     -5.113875715073    1.677080420314    0.113166236813
               1 C     -5.072467244621    0.138735892751    0.033612870939
               2 C     -3.577404843167    1.682282626900   -0.004474156461
               3 C     -3.582268826525    0.201190845706    0.421193102790
               4 H     -5.442115585410    2.019225180829    1.095783558574
               5 H     -5.686603531385    2.212903494908   -0.643841026033
               6 H     -5.206489771012   -0.214093176303   -0.990011402146
               7 H     -5.745316278020   -0.424954155522    0.679980314027
               8 H     -3.020053684010    2.388932675766    0.610537532989
               9 H     -3.254399635848    1.801512142979   -1.039733214130
              10 H     -3.442101913400    0.091601163551    1.497576561145
              11 H     -2.894412971530   -0.477497111878   -0.083340378509
