-------------------------------------------------------------
----------------------- !PROPERTIES! ------------------------
-------------------------------------------------------------
# -----------------------------------------------------------
$ SCF_Energy
   description: The SCF energy
   geom. index: 1
   prop. index: 1
        SCF Energy:     -157.0516376856
# -----------------------------------------------------------
$ DFT_Energy
   description: The DFT energy
   geom. index: 1
   prop. index: 1
   Number of Alpha Electrons                 16.0000208657 
   Number of Beta  Electrons                 16.0000208657 
   Total number of  Electrons                32.0000417315 
   Exchange energy                          -23.4439004920 
   Correlation energy                        -1.0162318888 
   Correlation energy NL                      0.0000000000 
   Exchange-Correlation energy              -24.4601323808 
   Embedding correction                       0.0000000000 
   Total DFT Energy (No VdW correction)    -157.0516376856 
# -----------------------------------------------------------
$ Calculation_Info
   description: Details of the calculation
   geom. index: 1
   prop. index: 1
     Multiplicity:                          1
     Charge:                                0
     number of atoms:                       12
     number of electrons:                   0
     number of frozen core electrons:       1
     number of correlated electrons:        0
     number of basis functions:             256
     number of aux C basis functions:       0
     number of aux J basis functions:       284
     number of aux JK basis functions:      0
     number of aux CABS basis functions:    0
     Total Energy                           -157.051638
# -----------------------------------------------------------
$ SCF_Electric_Properties
   description: The SCF Calculated Electric Properties
   geom. index: 1
   prop. index: 1
       Filename                          : C.scfp 
       Do Dipole Moment Calculation      : true 
       Do Quadrupole Moment Calculation  : false 
       Do Polarizability Calculation     : false 
** Dipole moment part of electric properties **
        Magnitude of dipole moment (Debye) :        0.4398356065
        Electronic Contribution:
                  0    
      0      -0.563923
      1      -1.827448
      2       0.104123
        Nuclear Contribution:
                  0    
      0       0.673591
      1       1.951161
      2      -0.053023
        Total Dipole moment:
                  0    
      0       0.109668
      1       0.123713
      2       0.051100
# -----------------------------------------------------------
$ EPRNMR_OrbitalShielding
   description: Orbital contribution to the NMR Shielding tensor (ppm)
   geom. index: 1
   prop. index: 1
 Number of stored nuclei 12
 Source density: 1 SCF 
 Nucleus: 0 C  
 Shielding tensor (ppm): 
                  0          1          2    
      0      66.729116  18.903061  42.917200
      1      19.242584  45.969098 -87.000762
      2      40.459686 -88.491226  67.042446
 P Tensor eigenvectors:
                   0          1          2    
      0      -0.372452   0.896263   0.240817
      1       0.666107   0.438851  -0.603085
      2       0.646206   0.064210   0.760457
 P Eigenvalues: 
                  0          1          2    
      0     -47.421146  77.589032 149.572774
P(iso)  59.913553
 Nucleus: 1 C  
 Shielding tensor (ppm): 
                  0          1          2    
      0       4.091028  20.667800  55.739980
      1      23.365907  28.936223 -104.565244
      2      66.484830 -96.104573  45.540352
 P Tensor eigenvectors:
                   0          1          2    
      0       0.781000  -0.575150   0.243397
      1       0.591113   0.554984  -0.585302
      2       0.201555   0.600996   0.773421
 P Eigenvalues: 
                  0          1          2    
      0      30.116519 -96.521177 144.972261
P(iso)  26.189201
 Nucleus: 2 C  
 Shielding tensor (ppm): 
                  0          1          2    
      0     134.598290   2.442752   1.851840
      1       5.729819 155.523401  11.777361
      2      -0.673978  10.802042 145.612889
 P Tensor eigenvectors:
                   0          1          2    
      0       0.929698   0.343860   0.131994
      1      -0.291836   0.469073   0.833548
      2       0.224709  -0.813468   0.536447
 P Eigenvalues: 
                  0          1          2    
      0     133.484595 138.864099 163.385887
P(iso)  145.244860
 Nucleus: 3 C  
 Shielding tensor (ppm): 
                  0          1          2    
      0     157.272503   8.718502  -1.041292
      1       9.170465 174.506127  -6.482933
      2      -2.889235 -12.598087 161.484446
 P Tensor eigenvectors:
                   0          1          2    
      0       0.806043   0.489562  -0.332601
      1      -0.479534   0.210814  -0.851824
      2      -0.346904   0.846101   0.404687
 P Eigenvalues: 
                  0          1          2    
      0     152.752650 157.868362 182.642063
P(iso)  164.421025
 Nucleus: 4 H  
 Shielding tensor (ppm): 
                  0          1          2    
      0      27.731146   3.251237   1.571538
      1       1.757318  26.386913  -0.002047
      2       0.399238  -0.656415  24.725587
 P Tensor eigenvectors:
                   0          1          2    
      0      -0.520130  -0.324908  -0.789873
      1       0.541014   0.590277  -0.599063
      2       0.660885  -0.738923  -0.131241
 P Eigenvalues: 
                  0          1          2    
      0      23.702687  25.421500  29.719459
P(iso)  26.281215
 Nucleus: 5 H  
 Shielding tensor (ppm): 
                  0          1          2    
      0      27.983704   1.389439  -0.061112
      1       3.349355  25.702642  -1.517328
      2       1.698151  -0.796934  24.789025
 P Tensor eigenvectors:
                   0          1          2    
      0      -0.395760   0.323903  -0.859337
      1       0.663805  -0.545732  -0.511408
      2       0.634615   0.772828  -0.000970
 P Eigenvalues: 
                  0          1          2    
      0      23.060992  25.944478  29.469901
P(iso)  26.158457
 Nucleus: 6 H  
 Shielding tensor (ppm): 
                  0          1          2    
      0      25.092975   1.229343   1.286273
      1       2.205715  26.872713   0.129608
      2       1.705759  -0.110872  23.486528
 P Tensor eigenvectors:
                   0          1          2    
      0      -0.570117   0.593442   0.568149
      1       0.222155  -0.554428   0.802033
      2       0.790958   0.583469   0.184252
 P Eigenvalues: 
                  0          1          2    
      0      22.394800  24.992896  28.064520
P(iso)  25.150738
 Nucleus: 7 H  
 Shielding tensor (ppm): 
                  0          1          2    
      0      28.780653   0.089186   3.401745
      1      -0.187402  28.010485  -1.888478
      2       4.325837  -1.366182  30.656416
 P Tensor eigenvectors:
                   0          1          2    
      0      -0.689732   0.420623   0.589360
      1       0.369371   0.904484  -0.213247
      2       0.622763  -0.070609   0.779218
 P Eigenvalues: 
                  0          1          2    
      0      25.360104  28.100922  33.986527
P(iso)  29.149184
 Nucleus: 8 H  
 Shielding tensor (ppm): 
                  0          1          2    
      0      29.593567   1.380305  -2.829479
      1       0.145799  28.668214   0.520513
      2      -4.247675   0.369573  29.898008
 P Tensor eigenvectors:
                   0          1          2    
      0      -0.689168   0.174698  -0.703227
      1       0.295134   0.954027  -0.052231
      2      -0.661773   0.243542   0.709045
 P Eigenvalues: 
                  0          1          2    
      0      25.934347  28.929449  33.295993
P(iso)  29.386596
 Nucleus: 9 H  
 Shielding tensor (ppm): 
                  0          1          2    
      0      32.804950  -0.133167  -3.813617
      1       0.976771  28.659106  -1.066524
      2      -4.508592  -0.246193  30.007114
 P Tensor eigenvectors:
                   0          1          2    
      0       0.560110   0.173845  -0.809972
      1       0.174766  -0.980525  -0.089597
      2       0.809774   0.091372   0.579584
 P Eigenvalues: 
                  0          1          2    
      0      26.965848  28.637271  35.868051
P(iso)  30.490390
 Nucleus: 10 H  
 Shielding tensor (ppm): 
                  0          1          2    
      0      27.384188   2.949011   0.842037
      1       2.907748  35.101183   3.014555
      2       0.206798   1.554637  28.456633
 P Tensor eigenvectors:
                   0          1          2    
      0       0.924588   0.235218   0.299681
      1      -0.350476   0.216807   0.911132
      2       0.149342  -0.947453   0.282896
 P Eigenvalues: 
                  0          1          2    
      0      26.363821  27.835983  36.742200
P(iso)  30.314001
 Nucleus: 11 H  
 Shielding tensor (ppm): 
                  0          1          2    
      0      30.653064  -1.535893   2.391919
      1      -1.620851  30.477487  -3.373493
      2       3.204407  -3.193461  31.098435
 P Tensor eigenvectors:
                   0          1          2    
      0      -0.329529   0.790097   0.516872
      1       0.586358   0.600338  -0.543855
      2       0.739997  -0.123856   0.661109
 P Eigenvalues: 
                  0          1          2    
      0      27.232447  29.039935  35.956604
P(iso)  30.742995
# -------------------------------------------------------------
----------------------- !GEOMETRIES! ------------------------
# -------------------------------------------------------------
------------------------ !GEOMETRY! -------------------------
    Number of atoms:    12 
    Geometry Index:     1 
    Coordinates:
               0 C     -4.573548140397   -3.191707667704   -0.073092813042
               1 C     -3.386415139724   -2.602693311449   -0.021706209671
               2 C     -3.060004943277   -1.389723889761    0.789476570401
               3 C     -2.618547965615   -0.214799555738   -0.079979869095
               4 H     -4.749364010196   -4.062597142560   -0.689771799859
               5 H     -5.416123746411   -2.827078882741    0.502094843847
               6 H     -2.574777760672   -3.006906189046   -0.621450007061
               7 H     -2.259632076277   -1.631402116216    1.495866005925
               8 H     -3.926159922729   -1.103976132447    1.390685810184
               9 H     -1.737454843061   -0.467491202931   -0.671550105229
              10 H     -2.366944015851    0.653270943980    0.529539333432
              11 H     -3.408087435790    0.077145146612   -0.772021759833
