-------------------------------------------------------------
----------------------- !PROPERTIES! ------------------------
-------------------------------------------------------------
# -----------------------------------------------------------
$ SCF_Energy
   description: The SCF energy
   geom. index: 1
   prop. index: 1
        SCF Energy:     -448.8819035531
# -----------------------------------------------------------
$ DFT_Energy
   description: The DFT energy
   geom. index: 1
   prop. index: 1
   Number of Alpha Electrons                 25.0000011078 
   Number of Beta  Electrons                 25.0000011078 
   Total number of  Electrons                50.0000022155 
   Exchange energy                          -45.1221973903 
   Correlation energy                        -1.6608457267 
   Correlation energy NL                      0.0000000000 
   Exchange-Correlation energy              -46.7830431170 
   Embedding correction                       0.0000000000 
   Total DFT Energy (No VdW correction)    -448.8819035531 
# -----------------------------------------------------------
$ Solvation_Details
   description: Details concerning solvation
   geom. index: 1
   prop. index: 1
     Epsilon:               80.4000000000
     Refrac:                 1.3300000000
     RSolv:                  1.3000000000
     Surface Type:                      2
     Number of Points:                999
     Surface Area:         547.7541727763
     Dielectric Energy:     -0.0020505821
# -----------------------------------------------------------
$ Calculation_Info
   description: Details of the calculation
   geom. index: 1
   prop. index: 1
     Multiplicity:                          1
     Charge:                                0
     number of atoms:                       17
     number of electrons:                   0
     number of frozen core electrons:       1
     number of correlated electrons:        0
     number of basis functions:             355
     number of aux C basis functions:       0
     number of aux J basis functions:       379
     number of aux JK basis functions:      0
     number of aux CABS basis functions:    0
     Total Energy                           -448.881904
# -----------------------------------------------------------
$ SCF_Electric_Properties
   description: The SCF Calculated Electric Properties
   geom. index: 1
   prop. index: 1
       Filename                          : TMS.scfp 
       Do Dipole Moment Calculation      : true 
       Do Quadrupole Moment Calculation  : false 
       Do Polarizability Calculation     : false 
** Dipole moment part of electric properties **
        Magnitude of dipole moment (Debye) :        0.0045106230
        Electronic Contribution:
                  0    
      0      -0.007547
      1       0.004159
      2       0.008213
        Nuclear Contribution:
                  0    
      0       0.006451
      1      -0.003723
      2      -0.006887
        Total Dipole moment:
                  0    
      0      -0.001096
      1       0.000435
      2       0.001326
# -----------------------------------------------------------
$ EPRNMR_OrbitalShielding
   description: Orbital contribution to the NMR Shielding tensor (ppm)
   geom. index: 1
   prop. index: 1
 Number of stored nuclei 17
 Source density: 1 SCF 
 Nucleus: 0 Si 
 Shielding tensor (ppm): 
                  0          1          2    
      0     323.607753  -0.120427  -0.505953
      1      -0.086459 323.705101  -0.046581
      2      -0.586528  -0.313941 323.287116
 P Tensor eigenvectors:
                   0          1          2    
      0       0.579389  -0.210972  -0.787273
      1       0.229279   0.969101  -0.090962
      2       0.782138  -0.127803   0.609858
 P Eigenvalues: 
                  0          1          2    
      0     322.829518 323.751435 324.019016
P(iso)  323.533323
 Nucleus: 1 C  
 Shielding tensor (ppm): 
                  0          1          2    
      0     184.294794   5.467693   0.401784
      1       5.370856 185.105807   0.236300
      2       0.486066   0.289092 179.234941
 P Tensor eigenvectors:
                   0          1          2    
      0      -0.492981   0.542901   0.679873
      1       0.410641  -0.543725   0.731941
      2       0.767036   0.640017   0.045109
 P Eigenvalues: 
                  0          1          2    
      0     179.090242 179.388181 190.157119
P(iso)  182.878514
 Nucleus: 2 C  
 Shielding tensor (ppm): 
                  0          1          2    
      0     188.446508  -4.018421  -0.394699
      1      -3.998774 181.007805   0.152127
      2      -0.264502   0.182910 179.265152
 P Tensor eigenvectors:
                   0          1          2    
      0      -0.238859   0.322332  -0.915996
      1      -0.611219   0.683085   0.399756
      2       0.754558   0.655360   0.033855
 P Eigenvalues: 
                  0          1          2    
      0     179.233836 179.277712 190.207917
P(iso)  182.906488
 Nucleus: 3 C  
 Shielding tensor (ppm): 
                  0          1          2    
      0     179.490970  -0.633334  -1.175727
      1      -0.616537 181.985294   4.764855
      2      -1.216650   4.808978 187.160762
 P Tensor eigenvectors:
                   0          1          2    
      0      -0.326254   0.936973  -0.125062
      1       0.790524   0.342983   0.507380
      2      -0.518295  -0.066671   0.852599
 P Eigenvalues: 
                  0          1          2    
      0     179.105257 179.347347 190.184422
P(iso)  182.879009
 Nucleus: 4 C  
 Shielding tensor (ppm): 
                  0          1          2    
      0     179.364196  -0.832503   0.901623
      1      -0.802099 183.453958  -5.264570
      2       0.807226  -5.253026 185.850595
 P Tensor eigenvectors:
                   0          1          2    
      0       0.739739  -0.664140   0.108182
      1       0.572072   0.536072  -0.620775
      2       0.354288   0.521100   0.776489
 P Eigenvalues: 
                  0          1          2    
      0     179.141241 179.353332 190.174175
P(iso)  182.889583
 Nucleus: 5 H  
 Shielding tensor (ppm): 
                  0          1          2    
      0      28.584295   1.466381  -0.353723
      1       1.172541  33.672964  -4.850293
      2      -0.052401  -4.506455  32.187318
 P Tensor eigenvectors:
                   0          1          2    
      0       0.637089   0.761435  -0.119729
      1      -0.552973   0.343294  -0.759190
      2      -0.536971   0.549879   0.639762
 P Eigenvalues: 
                  0          1          2    
      0      27.610149  29.026919  37.807510
P(iso)  31.481526
 Nucleus: 6 H  
 Shielding tensor (ppm): 
                  0          1          2    
      0      37.670767  -1.193819  -0.023934
      1      -0.676362  29.130478   0.102366
      2       0.012361   0.093645  27.625024
 P Tensor eigenvectors:
                   0          1          2    
      0      -0.005768   0.111315  -0.993768
      1      -0.068283   0.991422   0.111448
      2       0.997649   0.068500   0.001882
 P Eigenvalues: 
                  0          1          2    
      0      27.618354  29.036067  37.771847
P(iso)  31.475423
 Nucleus: 7 H  
 Shielding tensor (ppm): 
                  0          1          2    
      0      28.571179   1.340524   0.507737
      1       1.107895  32.286531   4.856526
      2       0.181099   4.527520  33.542971
 P Tensor eigenvectors:
                   0          1          2    
      0      -0.632671  -0.766181   0.112668
      1       0.624835  -0.419086   0.658747
      2      -0.457501   0.487169   0.743881
 P Eigenvalues: 
                  0          1          2    
      0      27.611289  29.016853  37.772539
P(iso)  31.466894
 Nucleus: 8 H  
 Shielding tensor (ppm): 
                  0          1          2    
      0      30.154071  -2.723179   2.060715
      1      -2.428574  32.132270  -4.431433
      2       1.675500  -4.253560  32.129967
 P Tensor eigenvectors:
                   0          1          2    
      0      -0.328583  -0.865122   0.378943
      1      -0.745117  -0.009101  -0.666872
      2      -0.580374   0.501480   0.641627
 P Eigenvalues: 
                  0          1          2    
      0      27.613302  29.029290  37.773716
P(iso)  31.472103
 Nucleus: 9 H  
 Shielding tensor (ppm): 
                  0          1          2    
      0      30.253904  -2.460892  -2.621599
      1      -2.236794  30.607140   4.095597
      2      -2.174564   3.905439  33.555906
 P Tensor eigenvectors:
                   0          1          2    
      0      -0.364536   0.841129  -0.399520
      1      -0.834318  -0.104480   0.541293
      2       0.413555   0.530647   0.739855
 P Eigenvalues: 
                  0          1          2    
      0      27.598174  29.016071  37.802705
P(iso)  31.472317
 Nucleus: 10 H  
 Shielding tensor (ppm): 
                  0          1          2    
      0      35.653139   3.989800   0.469718
      1       3.470262  31.109366   0.393828
      2       0.410349   0.398873  27.653068
 P Tensor eigenvectors:
                   0          1          2    
      0      -0.004367  -0.496427  -0.868067
      1      -0.107891   0.863242  -0.493125
      2       0.994153   0.091503  -0.057330
 P Eigenvalues: 
                  0          1          2    
      0      27.608123  29.025920  37.781531
P(iso)  31.471858
 Nucleus: 11 H  
 Shielding tensor (ppm): 
                  0          1          2    
      0      27.694037  -0.430996   0.342711
      1      -0.446109  30.169272  -2.740225
      2       0.452801  -3.255869  36.559025
 P Tensor eigenvectors:
                   0          1          2    
      0       0.980885  -0.187094   0.053478
      1       0.193434   0.907659  -0.372476
      2       0.021148   0.375701   0.926500
 P Eigenvalues: 
                  0          1          2    
      0      27.616171  29.032862  37.773300
P(iso)  31.474111
 Nucleus: 12 H  
 Shielding tensor (ppm): 
                  0          1          2    
      0      31.075751   4.115834   0.964251
      1       4.363776  33.727757   2.445486
      2       1.302623   2.772459  29.631972
 P Tensor eigenvectors:
                   0          1          2    
      0      -0.619599  -0.564052   0.545841
      1       0.630089   0.057267   0.774408
      2      -0.468066   0.823751   0.319921
 P Eigenvalues: 
                  0          1          2    
      0      27.620390  29.023717  37.791372
P(iso)  31.478493
 Nucleus: 13 H  
 Shielding tensor (ppm): 
                  0          1          2    
      0      34.647258  -3.891156  -1.651945
      1      -4.108006  30.273537   1.707851
      2      -2.093670   1.898061  29.510812
 P Tensor eigenvectors:
                   0          1          2    
      0       0.354351  -0.458530  -0.814976
      1       0.827286  -0.252566   0.501804
      2      -0.435927  -0.852033   0.289839
 P Eigenvalues: 
                  0          1          2    
      0      27.610992  29.025653  37.794962
P(iso)  31.477202
 Nucleus: 14 H  
 Shielding tensor (ppm): 
                  0          1          2    
      0      27.714873  -0.426828  -0.565881
      1      -0.413761  29.415133   1.669525
      2      -0.668722   2.197659  37.299738
 P Tensor eigenvectors:
                   0          1          2    
      0       0.978474  -0.194247  -0.069684
      1       0.205264   0.950961   0.231387
      2       0.021320  -0.240710   0.970363
 P Eigenvalues: 
                  0          1          2    
      0      27.613208  29.020150  37.796386
P(iso)  31.476581
 Nucleus: 15 H  
 Shielding tensor (ppm): 
                  0          1          2    
      0      34.681476  -4.011540   1.139209
      1      -4.311541  30.719761  -1.564662
      2       1.526358  -1.735847  29.033749
 P Tensor eigenvectors:
                   0          1          2    
      0       0.338515  -0.466701   0.817067
      1       0.754475  -0.384271  -0.532075
      2       0.562295   0.796572   0.222032
 P Eigenvalues: 
                  0          1          2    
      0      27.622124  29.039515  37.773347
P(iso)  31.478329
 Nucleus: 16 H  
 Shielding tensor (ppm): 
                  0          1          2    
      0      30.972287   4.225912  -0.310602
      1       4.505224  34.476157  -1.677678
      2      -0.600617  -2.019174  28.962604
 P Tensor eigenvectors:
                   0          1          2    
      0      -0.641549   0.544905  -0.539902
      1       0.550932  -0.162430  -0.818590
      2       0.533750   0.822615   0.195999
 P Eigenvalues: 
                  0          1          2    
      0      27.602178  29.017518  37.791352
P(iso)  31.470349
# -------------------------------------------------------------
----------------------- !GEOMETRIES! ------------------------
# -------------------------------------------------------------
------------------------ !GEOMETRY! -------------------------
    Number of atoms:    17 
    Geometry Index:     1 
    Coordinates:
               0 Si    -2.021648900480    1.206859368963   -0.015211569663
               1 C     -0.732781939429    2.580156352483    0.092370208335
               2 C     -3.751758276878    1.958343612430    0.028179552417
               3 C     -1.794205886577    0.255500275884   -1.628361192786
               4 C     -1.804144157523    0.031746299521    1.444181518531
               5 H     -0.823841790268    3.281748221787   -0.738347957245
               6 H      0.282011347584    2.179230829420    0.069231267028
               7 H     -0.833457619525    3.154736139960    1.014820377153
               8 H     -3.904862306478    2.660283940858   -0.793373007317
               9 H     -3.930574704859    2.502468604177    0.957048041408
              10 H     -4.524192614874    1.191802684288   -0.052911997070
              11 H     -1.905332379528    0.907661808402   -2.496451352472
              12 H     -2.527837830664   -0.545908735571   -1.729549089025
              13 H     -0.804785104843   -0.200759395666   -1.690537954399
              14 H     -1.932107064654    0.546573241741    2.397741773300
              15 H     -0.810587720505   -0.419712918661    1.450133305848
              16 H     -2.529283050499   -0.783590330015    1.415918075955
