-------------------------------------------------------------
----------------------- !PROPERTIES! ------------------------
-------------------------------------------------------------
# -----------------------------------------------------------
$ SCF_Energy
   description: The SCF energy
   geom. index: 1
   prop. index: 1
        SCF Energy:     -270.4065236829
# -----------------------------------------------------------
$ DFT_Energy
   description: The DFT energy
   geom. index: 1
   prop. index: 1
   Number of Alpha Electrons                 23.9999793395 
   Number of Beta  Electrons                 23.9999793395 
   Total number of  Electrons                47.9999586790 
   Exchange energy                          -38.4073382997 
   Correlation energy                        -1.5626690608 
   Correlation energy NL                      0.0000000000 
   Exchange-Correlation energy              -39.9700073605 
   Embedding correction                       0.0000000000 
   Total DFT Energy (No VdW correction)    -270.4065236829 
# -----------------------------------------------------------
$ Calculation_Info
   description: Details of the calculation
   geom. index: 1
   prop. index: 1
     Multiplicity:                          1
     Charge:                                1
     number of atoms:                       14
     number of electrons:                   0
     number of frozen core electrons:       1
     number of correlated electrons:        0
     number of basis functions:             350
     number of aux C basis functions:       0
     number of aux J basis functions:       420
     number of aux JK basis functions:      0
     number of aux CABS basis functions:    0
     Total Energy                           -270.406524
# -----------------------------------------------------------
$ SCF_Electric_Properties
   description: The SCF Calculated Electric Properties
   geom. index: 1
   prop. index: 1
       Filename                          : Ar-4.scfp 
       Do Dipole Moment Calculation      : true 
       Do Quadrupole Moment Calculation  : false 
       Do Polarizability Calculation     : false 
** Dipole moment part of electric properties **
        Magnitude of dipole moment (Debye) :        0.0022056575
        Electronic Contribution:
                  0    
      0      -0.001262
      1       0.000237
      2      -0.002070
        Nuclear Contribution:
                  0    
      0       0.001113
      1      -0.000407
      2       0.002907
        Total Dipole moment:
                  0    
      0      -0.000149
      1      -0.000171
      2       0.000838
# -----------------------------------------------------------
$ EPRNMR_OrbitalShielding
   description: Orbital contribution to the NMR Shielding tensor (ppm)
   geom. index: 1
   prop. index: 1
 Number of stored nuclei 14
 Source density: 1 SCF 
 Nucleus: 0 C  
 Shielding tensor (ppm): 
                  0          1          2    
      0     -10.539414  27.168282  66.100997
      1      27.169410 -72.611044 -34.703701
      2      65.971938 -34.778728 133.987731
 P Tensor eigenvectors:
                   0          1          2    
      0      -0.819709  -0.459523   0.341929
      1      -0.517696   0.849818  -0.098995
      2       0.245087   0.258162   0.934497
 P Eigenvalues: 
                  0          1          2    
      0     -13.152514 -97.865861 161.855649
P(iso)  16.945758
 Nucleus: 1 C  
 Shielding tensor (ppm): 
                  0          1          2    
      0      -3.244987 -33.833161  56.942978
      1     -33.844458 -85.531670 -13.494897
      2      56.959090 -13.429637 139.601030
 P Tensor eigenvectors:
                   0          1          2    
      0      -0.870589   0.353232   0.342494
      1       0.341127   0.934980  -0.097179
      2       0.354552  -0.032231   0.934481
 P Eigenvalues: 
                  0          1          2    
      0     -13.179231 -97.867595 161.871200
P(iso)  16.941458
 Nucleus: 2 C  
 Shielding tensor (ppm): 
                  0          1          2    
      0     -65.405633   3.802240  83.758214
      1       3.827990 -12.682649 -20.091143
      2      83.695945 -20.022055 129.081037
 P Tensor eigenvectors:
                   0          1          2    
      0       0.151590  -0.927423   0.341917
      1       0.987190   0.124636  -0.099609
      2       0.049764   0.352637   0.934436
 P Eigenvalues: 
                  0          1          2    
      0     -13.108671 -97.811470 161.912896
P(iso)  16.997585
 Nucleus: 3 C  
 Shielding tensor (ppm): 
                  0          1          2    
      0     -33.955517 -46.969648  66.534104
      1     -47.006597 -52.144112  -5.957929
      2      66.388830  -5.872701 137.070235
 P Tensor eigenvectors:
                   0          1          2    
      0      -0.630429   0.697524   0.340616
      1       0.713223   0.693695  -0.100501
      2       0.306386  -0.179576   0.934816
 P Eigenvalues: 
                  0          1          2    
      0     -13.158009 -97.841106 161.969720
P(iso)  16.990202
 Nucleus: 4 C  
 Shielding tensor (ppm): 
                  0          1          2    
      0       6.975364  -1.134105  56.371194
      1      -1.149049 -94.398310 -27.210589
      2      56.538508 -27.191698 138.437024
 P Tensor eigenvectors:
                   0          1          2    
      0      -0.938017  -0.058137   0.341677
      1      -0.097999   0.990091  -0.100576
      2       0.332445   0.127826   0.934420
 P Eigenvalues: 
                  0          1          2    
      0     -13.116268 -97.844046 161.974392
P(iso)  17.004693
 Nucleus: 5 C  
 Shielding tensor (ppm): 
                  0          1          2    
      0     -43.061489  29.346277  77.814360
      1      29.349704 -36.257945 -31.726744
      2      77.937894 -31.762689 130.178754
 P Tensor eigenvectors:
                   0          1          2    
      0       0.539213  -0.769727   0.341715
      1       0.835203   0.540837  -0.099660
      2      -0.108102   0.339139   0.934505
 P Eigenvalues: 
                  0          1          2    
      0     -13.203762 -97.884547 161.947629
P(iso)  16.953107
 Nucleus: 6 C  
 Shielding tensor (ppm): 
                  0          1          2    
      0     -61.524161 -30.023977  78.497693
      1     -29.979107 -19.867621  -8.111764
      2      78.545466  -8.241512 132.349144
 P Tensor eigenvectors:
                   0          1          2    
      0      -0.265805  -0.901393   0.341816
      1       0.943669  -0.315770  -0.098888
      2       0.197072   0.296276   0.934550
 P Eigenvalues: 
                  0          1          2    
      0     -13.115947 -97.841520 161.914828
P(iso)  16.985787
 Nucleus: 7 H  
 Shielding tensor (ppm): 
                  0          1          2    
      0      23.004786  -2.785650  -2.095558
      1      -2.788487  24.004775   1.647971
      2      -2.087565   1.653857  19.036119
 P Tensor eigenvectors:
                   0          1          2    
      0       0.341431  -0.697312   0.630223
      1      -0.100031  -0.693667  -0.713316
      2       0.934569   0.180506  -0.306592
 P Eigenvalues: 
                  0          1          2    
      0      18.095392  20.773524  27.176764
P(iso)  22.015227
 Nucleus: 8 H  
 Shielding tensor (ppm): 
                  0          1          2    
      0      26.094525   0.682303  -2.849770
      1       0.677418  20.806098   0.035697
      2      -2.851406   0.049545  19.138700
 P Tensor eigenvectors:
                   0          1          2    
      0       0.341425   0.058272   0.938101
      1      -0.100040  -0.990154   0.097915
      2       0.934570  -0.127278  -0.332234
 P Eigenvalues: 
                  0          1          2    
      0      18.092660  20.771617  27.175046
P(iso)  22.013108
 Nucleus: 9 H  
 Shielding tensor (ppm): 
                  0          1          2    
      0      22.321098   2.974917  -1.230698
      1       2.975831  25.212781  -0.329523
      2      -1.224431  -0.332700  18.499607
 P Tensor eigenvectors:
                   0          1          2    
      0       0.340594   0.770250   0.539176
      1      -0.098787  -0.540972   0.835219
      2       0.935006  -0.337734  -0.108161
 P Eigenvalues: 
                  0          1          2    
      0      18.087522  20.769561  27.176404
P(iso)  22.011162
 Nucleus: 10 H  
 Shielding tensor (ppm): 
                  0          1          2    
      0      20.911840  -1.516333  -1.187907
      1      -1.514055  26.448215   1.438130
      2      -1.191000   1.437191  18.682632
 P Tensor eigenvectors:
                   0          1          2    
      0       0.341518  -0.901537   0.265700
      1      -0.098934  -0.315610  -0.943717
      2       0.934654   0.296009  -0.196979
 P Eigenvalues: 
                  0          1          2    
      0      18.095805  20.771962  27.174919
P(iso)  22.014229
 Nucleus: 11 H  
 Shielding tensor (ppm): 
                  0          1          2    
      0      25.313818  -1.814163  -2.828335
      1      -1.810413  21.490650   1.027726
      2      -2.834009   1.012720  19.244221
 P Tensor eigenvectors:
                   0          1          2    
      0       0.342001  -0.353679   0.870601
      1      -0.098561  -0.934858  -0.341065
      2       0.934516   0.030837  -0.354582
 P Eigenvalues: 
                  0          1          2    
      0      18.100494  20.771254  27.176942
P(iso)  22.016230
 Nucleus: 12 H  
 Shielding tensor (ppm): 
                  0          1          2    
      0      24.760532   2.807332  -2.143540
      1       2.807990  22.459415  -0.563555
      2      -2.143261  -0.565753  18.817438
 P Tensor eigenvectors:
                   0          1          2    
      0       0.342114   0.459275   0.819771
      1      -0.099164  -0.849896   0.517536
      2       0.934411  -0.258348  -0.245217
 P Eigenvalues: 
                  0          1          2    
      0      18.092599  20.770537  27.174249
P(iso)  22.012462
 Nucleus: 13 H  
 Shielding tensor (ppm): 
                  0          1          2    
      0      20.606374   1.048770  -0.810125
      1       1.049227  26.985381   0.563997
      2      -0.814330   0.565987  18.445535
 P Tensor eigenvectors:
                   0          1          2    
      0       0.342658  -0.927164  -0.151502
      1      -0.099695   0.124468  -0.987202
      2       0.934155   0.353377  -0.049784
 P Eigenvalues: 
                  0          1          2    
      0      18.087239  20.775186  27.174865
P(iso)  22.012430
# -------------------------------------------------------------
----------------------- !GEOMETRIES! ------------------------
# -------------------------------------------------------------
------------------------ !GEOMETRY! -------------------------
    Number of atoms:    14 
    Geometry Index:     1 
    Coordinates:
               0 C      3.513573630652  -16.925106406205   -3.084155093813
               1 C      2.210885859492  -17.061252244019   -2.620867831220
               2 C      4.261867980882  -15.764699975256   -3.235569801180
               3 C      3.893299005348  -14.454175865954   -2.959211251896
               4 C      2.684105535095  -13.979795786535   -2.466775771667
               5 C      1.544713196910  -14.699098475346   -2.128834956266
               6 C      1.334421783481  -16.070666002638   -2.196514818917
               7 H      4.648700264807  -13.702781664348   -3.154250480441
               8 H      2.621238702531  -12.907360935772   -2.328219775598
               9 H      0.710584382141  -14.113240078914   -1.762335456302
              10 H      0.358024736320  -16.412744169771   -1.875566106396
              11 H      1.827978299328  -18.073939321616   -2.586509266885
              12 H      4.011274801720  -17.845661840923   -3.363825248906
              13 H      5.266351821291  -15.899537232704   -3.617864140511
