
$orca_opt_file

$trust
    0.300000000000

$epredict
    0.000000000000

$ediffsc
  1000.000000000000

$ctyp
  3

$coordinates
 4 9
 -10.14482467   2.73594550   0.04546681  -8.27528082   2.76376227  -0.03059467
 -10.69165473   3.35056002  -1.63531230
 -10.13444075   2.74095120   0.03177783  -8.32756537   2.77268517  -0.05499623
 -10.64975410   3.33663141  -1.59722176
 -10.13475123   2.74079724   0.03219888  -8.32235076   2.77153261  -0.05184431
 -10.65465823   3.33793794  -1.60079473
 -10.13436033   2.74098725   0.03167925  -8.32246636   2.77141824  -0.05153156
 -10.65493353   3.33786229  -1.60058786

# redundant internal coordinates
#  nbonds nangles ndihedrals nimpropers ncartesians
# bond  definitions A B
# angle definitions A B C
# dihedral definitions A B C D
# improper torsion definitions A B C D
# cartesian definitions A x/y/z
$redundant_internals
 2 1 0 0 0
   1   0   0
   2   0   0
   1   0   2   0   0
$energies
 4
 -76.2672822528479912
 -76.2690128185039384
 -76.2690284495382826
 -76.2690288828890175

$gradients
 4 9
  -0.0182284021204448  -0.0088456858560157   0.0240959782077764   0.0291747250567835
  -0.0004683198825606   0.0013094355068003  -0.0109768218651920   0.0092909613726489
  -0.0253159327430861
   0.0013861382195438   0.0005952995217101  -0.0018718198973791  -0.0028055369980100
   0.0001927118359032  -0.0004899583141257   0.0014410784868352  -0.0008099294709089
   0.0023474098512870
  -0.0003769542399545  -0.0002603336885366   0.0004818264953690   0.0003290060288116
   0.0000709468017237  -0.0001586564991861   0.0000639792664461   0.0001672343012600
  -0.0003263499043725
  -0.0001116674671011  -0.0001311436827736   0.0001293359265555   0.0000542905877517
   0.0000409744430163  -0.0000771120127108   0.0000736632775077   0.0000682116655350
  -0.0000551742025540

$redundant_coords
 4 3
   1.8712972401264798   1.8713077131434086   1.8240489140346665
   1.8092361399501644   1.8094259939494035   1.8084970883180349
   1.8146083204487178   1.8148136141653513   1.8120119011077829
   1.8140589409454486   1.8142635392831774   1.8129600710473730

$redundant_gradients
 4 3
   0.0291036344792802   0.0290189273474187   0.0048846513694506
  -0.0027824060877202  -0.0027901432817954  -0.0012069467703872
   0.0003323625160071   0.0003328901589561  -0.0002900064748844
   0.0000535020732679   0.0000536284094011  -0.0001569284672362

$hessian_approx
 9 9
                  0          1          2          3          4          5    
      0       0.552746  -0.014041   0.038814  -0.484723  -0.019672   0.053548
      1      -0.014041   0.061852  -0.168940  -0.016730  -0.006348   0.017238
      2       0.038814  -0.168940   0.461445   0.045833   0.017186  -0.046671
      3      -0.484723  -0.016730   0.045833   0.532147  -0.002286   0.006443
      4      -0.019672  -0.006348   0.017186  -0.002286   0.007016  -0.019144
      5       0.053548   0.017238  -0.046671   0.006443  -0.019144   0.052232
      6      -0.067834   0.030863  -0.084896  -0.047835   0.021989  -0.060076
      7       0.033834  -0.055445   0.151593   0.018882  -0.000681   0.001937
      8      -0.092285   0.151742  -0.414877  -0.051931   0.001845  -0.005253
                  6          7          8    
      0      -0.067834   0.033834  -0.092285
      1       0.030863  -0.055445   0.151742
      2      -0.084896   0.151593  -0.414877
      3      -0.047835   0.018882  -0.051931
      4       0.021989  -0.000681   0.001845
      5      -0.060076   0.001937  -0.005253
      6       0.115890  -0.052838   0.144549
      7      -0.052838   0.056079  -0.153457
      8       0.144549  -0.153457   0.419931

$bmatrix
 3 9
                  0          1          2          3          4          5    
      0      -0.998807  -0.016775   0.045870   0.998807   0.016775  -0.045870
      1       0.286934  -0.328990   0.899686   0.000000   0.000000   0.000000
      2       0.501087   0.243407  -0.665639   0.026924  -0.189091   0.517104
                  6          7          8    
      0       0.000000   0.000000   0.000000
      1      -0.286934   0.328990  -0.899686
      2      -0.528011  -0.054316   0.148535

