
$orca_opt_file

$trust
    0.300000000000

$epredict
    0.000000000000

$ediffsc
  1000.000000000000

$ctyp
  3

$coordinates
 5 9
 -10.14482467   2.73594550   0.04546681  -8.27528082   2.76376227  -0.03059467
 -10.69165473   3.35056002  -1.63531230
 -10.13117127   2.74254625   0.02741589  -8.32786755   2.77156599  -0.05193562
 -10.65272139   3.33615555  -1.59592043
 -10.12986910   2.74317370   0.02570004  -8.32141048   2.76952465  -0.04635317
 -10.66048064   3.33756945  -1.59978703
 -10.12833771   2.74391745   0.02366611  -8.32019745   2.76867219  -0.04402197
 -10.66322505   3.33767814  -1.60008430
 -10.12779067   2.74418329   0.02293912  -8.32006645   2.76844106  -0.04338990
 -10.66390309   3.33764343  -1.59998938

# redundant internal coordinates
#  nbonds nangles ndihedrals nimpropers ncartesians
# bond  definitions A B
# angle definitions A B C
# dihedral definitions A B C D
# improper torsion definitions A B C D
# cartesian definitions A x/y/z
$redundant_internals
 2 1 0 0 0
   1   0   0
   2   0   0
   1   0   2   0   0
$energies
 5
 -76.2560694661284657
 -76.2580215729439743
 -76.2580506824485553
 -76.2580544706988235
 -76.2580547775603605

$gradients
 5 9
  -0.0208666193337285  -0.0101384600859895   0.0276051823318900   0.0309876529680350
   0.0000374611755838  -0.0001002766508406  -0.0101526432470087   0.0100777192417087
  -0.0274154484909959
   0.0003520791927193   0.0000974827951134  -0.0005160453367804  -0.0027107110383371
   0.0005267500719001  -0.0014351789909940   0.0023804838421366  -0.0006452639138256
   0.0019403646074353
  -0.0008194069018646  -0.0004718529741983   0.0010603404464571   0.0003254330808946
   0.0002139406204143  -0.0005805677525038   0.0005094480488306   0.0002373810749829
  -0.0004745480945401
  -0.0002874829374495  -0.0002114805709244   0.0003555760183875   0.0002214204655703
   0.0000448820692792  -0.0001184896542515   0.0000807036091800   0.0001467097221220
  -0.0002268055465514
  -0.0000091495508181  -0.0000756982256757  -0.0000142018279053   0.0000119549134123
  -0.0000057060593605   0.0000197860931138   0.0000118635224944   0.0000616854648439
   0.0000057387494100

$redundant_coords
 5 3
   1.8712972401264798   1.8713077131434086   1.8240489140346665
   1.8052820073151630   1.8054382609878339   1.8170307942943145
   1.8100852435218211   1.8102660411731704   1.8258792688569812
   1.8095761096875735   1.8097573348967204   1.8309963247742849
   1.8091033188685677   1.8092839416940483   1.8325762343791392

$redundant_gradients
 5 3
   0.0309856276328462   0.0309165784798820   0.0022072559801627
  -0.0026374398609870  -0.0026493946496378  -0.0030100909640836
   0.0003526798011171   0.0003537521334664  -0.0011281206164553
   0.0002277253865743   0.0002283764484461  -0.0002491641740798
   0.0000124854771948   0.0000125603865351   0.0000017599185396

$hessian_approx
 9 9
                  0          1          2          3          4          5    
      0       0.551211  -0.014867   0.040579  -0.483475  -0.019332   0.052861
      1      -0.014867   0.061412  -0.167975  -0.015832  -0.006224   0.017019
      2       0.040579  -0.167975   0.459471   0.044760   0.016689  -0.045641
      3      -0.483475  -0.015832   0.044760   0.522775  -0.000591   0.001564
      4      -0.019332  -0.006224   0.016689  -0.000591   0.006480  -0.017708
      5       0.052861   0.017019  -0.045641   0.001564  -0.017708   0.048389
      6      -0.067514   0.030805  -0.085634  -0.039835   0.019971  -0.054561
      7       0.034243  -0.055167   0.151227   0.016450  -0.000279   0.000751
      8      -0.093572   0.150895  -0.413648  -0.045133   0.000775  -0.002084
                  6          7          8    
      0      -0.067514   0.034243  -0.093572
      1       0.030805  -0.055167   0.150895
      2      -0.085634   0.151227  -0.413648
      3      -0.039835   0.016450  -0.045133
      4       0.019971  -0.000279   0.000775
      5      -0.054561   0.000751  -0.002084
      6       0.107666  -0.050848   0.139133
      7      -0.050848   0.055446  -0.151673
      8       0.139133  -0.151673   0.414899

$bmatrix
 3 9
                  0          1          2          3          4          5    
      0      -0.999238  -0.013409   0.036664   0.999238   0.013409  -0.036664
      1       0.296312  -0.328008   0.897000   0.000000   0.000000   0.000000
      2       0.506304   0.245936  -0.672556   0.021579  -0.189691   0.518744
                  6          7          8    
      0       0.000000   0.000000   0.000000
      1      -0.296312   0.328008  -0.897000
      2      -0.527884  -0.056246   0.153812

