-------------------------------------------------------------
----------------------- !PROPERTIES! ------------------------
-------------------------------------------------------------
# -----------------------------------------------------------
$ SCF_Energy
   description: The SCF energy
   geom. index: 1
   prop. index: 1
        SCF Energy:     -622.2610755166
# -----------------------------------------------------------
$ DFT_Energy
   description: The DFT energy
   geom. index: 1
   prop. index: 1
   Number of Alpha Electrons                 58.9996939839 
   Number of Beta  Electrons                 58.9996939839 
   Total number of  Electrons               117.9993879679 
   Exchange energy                          -90.5253565428 
   Correlation energy                        -3.9190793729 
   Correlation energy NL                      0.0000000000 
   Exchange-Correlation energy              -94.4444359157 
   Embedding correction                       0.0000000000 
   Total DFT Energy (No VdW correction)    -622.2610755166 
# -----------------------------------------------------------
$ Calculation_Info
   description: Details of the calculation
   geom. index: 1
   prop. index: 1
     Multiplicity:                          1
     Charge:                                0
     number of atoms:                       38
     number of electrons:                   0
     number of frozen core electrons:       1
     number of correlated electrons:        0
     number of basis functions:             884
     number of aux C basis functions:       0
     number of aux J basis functions:       1026
     number of aux JK basis functions:      0
     number of aux CABS basis functions:    0
     Total Energy                           -622.261076
# -----------------------------------------------------------
$ SCF_Electric_Properties
   description: The SCF Calculated Electric Properties
   geom. index: 1
   prop. index: 1
       Filename                          : I.scfp 
       Do Dipole Moment Calculation      : true 
       Do Quadrupole Moment Calculation  : false 
       Do Polarizability Calculation     : false 
** Dipole moment part of electric properties **
        Magnitude of dipole moment (Debye) :        1.8365036091
        Electronic Contribution:
                  0    
      0      -9.484831
      1       3.621259
      2       2.245896
        Nuclear Contribution:
                  0    
      0      10.149536
      1      -3.866240
      2      -2.387985
        Total Dipole moment:
                  0    
      0       0.664705
      1      -0.244980
      2      -0.142089
# -----------------------------------------------------------
$ EPRNMR_OrbitalShielding
   description: Orbital contribution to the NMR Shielding tensor (ppm)
   geom. index: 1
   prop. index: 1
 Number of stored nuclei 38
 Source density: 1 SCF 
 Nucleus: 0 C  
 Shielding tensor (ppm): 
                  0          1          2    
      0     153.087154 -26.888085 -14.918795
      1     -37.777353 -14.874510 -23.628714
      2     -15.388098 -16.805865 -53.292450
 P Tensor eigenvectors:
                   0          1          2    
      0       0.110303   0.088008  -0.989994
      1       0.907363   0.397587   0.136441
      2      -0.405617   0.913334   0.036001
 P Eigenvalues: 
                  0          1          2    
      0      -9.386133 -65.002819 159.309145
P(iso)  28.306731
 Nucleus: 1 C  
 Shielding tensor (ppm): 
                  0          1          2    
      0     126.387032 -66.854205  42.596821
      1     -30.667578  51.702562  31.727228
      2     -17.440475  52.421925 -41.956973
 P Tensor eigenvectors:
                   0          1          2    
      0       0.617466  -0.068984   0.783567
      1       0.750764   0.348924  -0.560897
      2      -0.234712   0.934609   0.267240
 P Eigenvalues: 
                  0          1          2    
      0      11.335038  -1.585856 126.383438
P(iso)  45.377540
 Nucleus: 2 C  
 Shielding tensor (ppm): 
                  0          1          2    
      0      73.187116 -88.370334 -127.997283
      1     -40.123177  47.290506   7.144246
      2     -61.681674   0.144594   6.440177
 P Tensor eigenvectors:
                   0          1          2    
      0      -0.207427   0.836876  -0.506570
      1      -0.840842   0.112127   0.529540
      2       0.499959   0.535786   0.680422
 P Eigenvalues: 
                  0          1          2    
      0      32.389372 -42.968176 137.496603
P(iso)  42.305933
 Nucleus: 3 C  
 Shielding tensor (ppm): 
                  0          1          2    
      0     101.907051   1.508577 -88.260597
      1      -5.514990 -33.808859  31.828318
      2     -101.634650  31.362939  -1.570148
 P Tensor eigenvectors:
                   0          1          2    
      0      -0.319314   0.345614  -0.882377
      1      -0.827321  -0.555755   0.081709
      2      -0.462146   0.756100   0.463394
 P Eigenvalues: 
                  0          1          2    
      0     -18.006004 -74.574296 159.108344
P(iso)  22.176015
 Nucleus: 4 C  
 Shielding tensor (ppm): 
                  0          1          2    
      0     131.027991  13.442647 -16.850273
      1     -60.817916 -62.907587  10.878155
      2     -30.988206  -9.657247  57.630051
 P Tensor eigenvectors:
                   0          1          2    
      0       0.214394   0.292529  -0.931913
      1      -0.933597  -0.219079  -0.283551
      2      -0.287110   0.930823   0.226135
 P Eigenvalues: 
                  0          1          2    
      0     -31.302732  47.886758 109.166429
P(iso)  41.916818
 Nucleus: 5 C  
 Shielding tensor (ppm): 
                  0          1          2    
      0      64.687650 -108.884894 -24.846050
      1     -113.163991  15.586719  16.946471
      2     -28.572328  27.901450  -7.971179
 P Tensor eigenvectors:
                   0          1          2    
      0       0.116028   0.617446  -0.778009
      1      -0.125875   0.786124   0.605115
      2       0.985238   0.027722   0.168933
 P Eigenvalues: 
                  0          1          2    
      0     -15.045140 -73.429354 160.777684
P(iso)  24.101063
 Nucleus: 6 C  
 Shielding tensor (ppm): 
                  0          1          2    
      0     138.479079  11.876220  -6.872892
      1       4.024787 138.667215  -6.246493
      2       3.099318  -1.709522 129.521713
 P Tensor eigenvectors:
                   0          1          2    
      0      -0.188554  -0.729847  -0.657092
      1       0.470507   0.520168  -0.712775
      2       0.862015  -0.443563   0.245318
 P Eigenvalues: 
                  0          1          2    
      0     127.840608 131.344967 147.482432
P(iso)  135.556002
 Nucleus: 7 C  
 Shielding tensor (ppm): 
                  0          1          2    
      0     136.608435  -7.781658   9.483535
      1       1.526158 142.260902  -7.048710
      2       7.057888 -11.293091 134.847321
 P Tensor eigenvectors:
                   0          1          2    
      0      -0.498326  -0.750606   0.433891
      1       0.346138  -0.631088  -0.694202
      2       0.794896  -0.195753   0.574301
 P Eigenvalues: 
                  0          1          2    
      0     125.652921 135.993540 152.070197
P(iso)  137.905553
 Nucleus: 8 C  
 Shielding tensor (ppm): 
                  0          1          2    
      0     131.374516   0.394047  -4.006419
      1       2.917630 136.091093   7.457164
      2       6.098795  13.099293 146.677680
 P Tensor eigenvectors:
                   0          1          2    
      0      -0.436917   0.894077   0.098640
      1       0.784213   0.324907   0.528626
      2      -0.440583  -0.308321   0.843104
 P Eigenvalues: 
                  0          1          2    
      0     129.411311 131.653135 153.078844
P(iso)  138.047763
 Nucleus: 9 C  
 Shielding tensor (ppm): 
                  0          1          2    
      0     157.562761  -9.491093  -7.737939
      1      -3.389580 141.272140   7.295303
      2      -0.296251   0.773929 151.760263
 P Tensor eigenvectors:
                   0          1          2    
      0       0.283202  -0.496360  -0.820623
      1       0.938433  -0.033088   0.343873
      2      -0.197837  -0.867486   0.456431
 P Eigenvalues: 
                  0          1          2    
      0     138.517985 149.739024 162.338154
P(iso)  150.198388
 Nucleus: 10 C  
 Shielding tensor (ppm): 
                  0          1          2    
      0     146.799814   8.157836  22.871928
      1      18.633101 146.125339   0.186159
      2      17.775844  -5.542417 140.037884
 P Tensor eigenvectors:
                   0          1          2    
      0      -0.648818  -0.052745  -0.759113
      1       0.383877   0.838662  -0.386374
      2       0.657018  -0.542093  -0.523891
 P Eigenvalues: 
                  0          1          2    
      0     118.430271 146.750582 167.782184
P(iso)  144.321012
 Nucleus: 11 C  
 Shielding tensor (ppm): 
                  0          1          2    
      0     153.633447  -5.309636  12.940181
      1      -2.723205 124.444340  -6.118965
      2      -4.498448   5.220377 134.459613
 P Tensor eigenvectors:
                   0          1          2    
      0       0.145552  -0.227179   0.962915
      1       0.988998   0.059390  -0.135483
      2      -0.026409   0.972040   0.233324
 P Eigenvalues: 
                  0          1          2    
      0     123.904396 133.606196 155.026809
P(iso)  137.512467
 Nucleus: 12 C  
 Shielding tensor (ppm): 
                  0          1          2    
      0     136.016626 -11.638829   2.774606
      1      -2.290777 134.142038  -6.218238
      2       1.304405  -5.186978 150.969038
 P Tensor eigenvectors:
                   0          1          2    
      0       0.626333  -0.743346   0.234828
      1       0.767339   0.534759  -0.353870
      2       0.137472   0.401833   0.905335
 P Eigenvalues: 
                  0          1          2    
      0     127.648839 139.762887 153.715976
P(iso)  140.375900
 Nucleus: 13 C  
 Shielding tensor (ppm): 
                  0          1          2    
      0     155.795451   7.584525   0.961106
      1      -9.499963 139.994764   3.782975
      2      -6.219240  -0.538310 137.004200
 P Tensor eigenvectors:
                   0          1          2    
      0       0.107211   0.086657  -0.990453
      1      -0.363003   0.930834   0.042148
      2       0.925600   0.355018   0.131253
 P Eigenvalues: 
                  0          1          2    
      0     136.076824 140.492465 156.225125
P(iso)  144.264805
 Nucleus: 14 C  
 Shielding tensor (ppm): 
                  0          1          2    
      0     136.760546  -6.953190  -4.299404
      1      -5.009340 170.012765   3.656034
      2      -4.820854   1.449837 157.555978
 P Tensor eigenvectors:
                   0          1          2    
      0      -0.972230   0.136934   0.189782
      1      -0.149116   0.262535  -0.953331
      2      -0.180368  -0.955157  -0.234825
 P Eigenvalues: 
                  0          1          2    
      0     134.980194 157.507083 171.842012
P(iso)  154.776430
 Nucleus: 15 H  
 Shielding tensor (ppm): 
                  0          1          2    
      0      24.321126   0.284536   3.400692
      1      -0.156221  27.277773   1.213846
      2       2.940657   2.469302  22.064956
 P Tensor eigenvectors:
                   0          1          2    
      0      -0.544844   0.760230   0.353830
      1      -0.182201  -0.519210   0.834999
      2       0.818504   0.390476   0.421403
 P Eigenvalues: 
                  0          1          2    
      0      19.543258  25.859247  28.261350
P(iso)  24.554618
 Nucleus: 16 H  
 Shielding tensor (ppm): 
                  0          1          2    
      0      20.860926  -1.017825  -3.389497
      1      -0.416501  27.381310  -2.263849
      2      -2.521383  -2.687796  23.828379
 P Tensor eigenvectors:
                   0          1          2    
      0       0.806878  -0.580354  -0.110165
      1       0.214541   0.461665  -0.860719
      2       0.550381   0.670861   0.497018
 P Eigenvalues: 
                  0          1          2    
      0      18.601997  24.738194  28.730424
P(iso)  24.023538
 Nucleus: 17 H  
 Shielding tensor (ppm): 
                  0          1          2    
      0      25.303396   2.321036  -0.549089
      1       1.047776  20.284369  -1.464668
      2       0.614776  -1.094567  27.920599
 P Tensor eigenvectors:
                   0          1          2    
      0      -0.291759   0.952953  -0.082206
      1       0.945067   0.273963  -0.178307
      2       0.147396   0.129712   0.980535
 P Eigenvalues: 
                  0          1          2    
      0      19.589294  25.767407  28.151663
P(iso)  24.502788
 Nucleus: 18 H  
 Shielding tensor (ppm): 
                  0          1          2    
      0      25.221395  -0.314586   0.071987
      1      -0.520878  31.906183   3.802674
      2      -0.285431   2.885124  27.757396
 P Tensor eigenvectors:
                   0          1          2    
      0       0.987714  -0.147538  -0.051518
      1       0.117083   0.480293   0.869259
      2      -0.103505  -0.864611   0.491666
 P Eigenvalues: 
                  0          1          2    
      0      25.184359  25.913999  33.786617
P(iso)  28.294991
 Nucleus: 19 H  
 Shielding tensor (ppm): 
                  0          1          2    
      0      26.869619   1.231098   0.644008
      1      -0.864482  32.511655  -4.073343
      2       1.566601  -3.292245  28.804704
 P Tensor eigenvectors:
                   0          1          2    
      0       0.650329  -0.756183   0.072519
      1      -0.365988  -0.395541  -0.842378
      2      -0.665676  -0.521282   0.533986
 P Eigenvalues: 
                  0          1          2    
      0      25.644112  27.740505  34.801361
P(iso)  29.395326
 Nucleus: 20 H  
 Shielding tensor (ppm): 
                  0          1          2    
      0      27.470091   1.373672   1.405031
      1       3.273703  31.740110  -1.246761
      2      -0.092634  -2.164602  28.131133
 P Tensor eigenvectors:
                   0          1          2    
      0      -0.746786   0.560330  -0.358247
      1       0.439017   0.010703  -0.898415
      2       0.499575   0.828200   0.253987
 P Eigenvalues: 
                  0          1          2    
      0      25.696598  28.530670  33.114067
P(iso)  29.113778
 Nucleus: 21 H  
 Shielding tensor (ppm): 
                  0          1          2    
      0      26.244045   0.476458  -2.281388
      1       0.459606  25.320127  -1.176338
      2      -2.193440  -0.374919  32.933884
 P Tensor eigenvectors:
                   0          1          2    
      0       0.454112   0.842126  -0.290872
      1      -0.889686   0.445971  -0.097821
      2       0.047343   0.303206   0.951748
 P Eigenvalues: 
                  0          1          2    
      0      25.118670  25.674507  33.704880
P(iso)  28.166019
 Nucleus: 22 H  
 Shielding tensor (ppm): 
                  0          1          2    
      0      28.953790  -1.507623   4.006650
      1      -1.125524  26.457769  -0.923206
      2       3.960387  -1.973415  29.761050
 P Tensor eigenvectors:
                   0          1          2    
      0      -0.743936   0.166436   0.647193
      1      -0.013377   0.964585  -0.263434
      2       0.668117   0.204635   0.715362
 P Eigenvalues: 
                  0          1          2    
      0      25.353467  25.942096  33.877046
P(iso)  28.390870
 Nucleus: 23 H  
 Shielding tensor (ppm): 
                  0          1          2    
      0      29.075851   2.075087  -3.055042
      1       2.195142  29.300343  -0.529763
      2       0.053016  -2.535247  31.195869
 P Tensor eigenvectors:
                   0          1          2    
      0       0.725412   0.496212  -0.477023
      1      -0.687974   0.500894  -0.525164
      2      -0.021655   0.709139   0.704736
 P Eigenvalues: 
                  0          1          2    
      0      27.053473  29.114584  33.404005
P(iso)  29.857354
 Nucleus: 24 H  
 Shielding tensor (ppm): 
                  0          1          2    
      0      27.078426  -3.040193  -0.689620
      1      -1.136613  28.243322   5.902621
      2       0.858559   5.433710  33.873923
 P Tensor eigenvectors:
                   0          1          2    
      0       0.490760   0.867347  -0.082845
      1       0.755925  -0.376565   0.535515
      2      -0.433281   0.325434   0.840452
 P Eigenvalues: 
                  0          1          2    
      0      23.721421  27.985951  37.488299
P(iso)  29.731890
 Nucleus: 25 H  
 Shielding tensor (ppm): 
                  0          1          2    
      0      28.830746  -3.861930   0.719357
      1      -3.734075  32.692490   4.539924
      2       1.652316   4.429611  27.848471
 P Tensor eigenvectors:
                   0          1          2    
      0      -0.510979   0.781113  -0.358837
      1      -0.533055   0.039551   0.845156
      2       0.674354   0.623136   0.396166
 P Eigenvalues: 
                  0          1          2    
      0      23.370871  29.596148  36.404688
P(iso)  29.790569
 Nucleus: 26 H  
 Shielding tensor (ppm): 
                  0          1          2    
      0      30.570054  -2.264552  -2.323025
      1       2.086432  29.528126  -1.945660
      2      -0.803408   0.911553  30.762860
 P Tensor eigenvectors:
                   0          1          2    
      0       0.628679   0.393799  -0.670586
      1       0.473455  -0.877897  -0.071674
      2       0.616930   0.272432   0.738361
 P Eigenvalues: 
                  0          1          2    
      0      28.842219  29.754835  32.263985
P(iso)  30.287013
 Nucleus: 27 H  
 Shielding tensor (ppm): 
                  0          1          2    
      0      30.024982  -3.274618   3.503577
      1      -2.029455  25.734325  -3.268867
      2       1.987468  -2.964351  32.428895
 P Tensor eigenvectors:
                   0          1          2    
      0       0.302817  -0.801382   0.515838
      1       0.920196   0.104963  -0.377124
      2       0.248076   0.588872   0.769213
 P Eigenvalues: 
                  0          1          2    
      0      24.051367  28.280911  35.855923
P(iso)  29.396067
 Nucleus: 28 H  
 Shielding tensor (ppm): 
                  0          1          2    
      0      28.049800   1.982489   1.971125
      1       0.310711  29.826878   0.381473
      2      -0.122358   3.142685  29.086636
 P Tensor eigenvectors:
                   0          1          2    
      0       0.934828  -0.105813   0.338970
      1      -0.195785   0.642792   0.740599
      2      -0.296252  -0.758697   0.580184
 P Eigenvalues: 
                  0          1          2    
      0      27.481604  27.654649  31.827061
P(iso)  28.987771
 Nucleus: 29 H  
 Shielding tensor (ppm): 
                  0          1          2    
      0      26.959146  -6.255285   0.819051
      1      -3.088198  32.844832  -0.801201
      2       0.041625  -0.749604  30.376367
 P Tensor eigenvectors:
                   0          1          2    
      0       0.887846   0.084316  -0.452351
      1       0.460100  -0.149510   0.875188
      2       0.006161  -0.985159  -0.171536
 P Eigenvalues: 
                  0          1          2    
      0      24.388748  30.225125  35.566473
P(iso)  30.060115
 Nucleus: 30 H  
 Shielding tensor (ppm): 
                  0          1          2    
      0      34.902739  -0.755327   2.045393
      1      -1.985663  23.856303  -1.534500
      2       1.087123  -0.387974  29.768066
 P Tensor eigenvectors:
                   0          1          2    
      0       0.091246  -0.299571   0.949701
      1       0.988881  -0.085195  -0.121884
      2       0.117422   0.950263   0.288466
 P Eigenvalues: 
                  0          1          2    
      0      23.592793  29.379904  35.554411
P(iso)  29.509036
 Nucleus: 31 H  
 Shielding tensor (ppm): 
                  0          1          2    
      0      28.267694   1.388690   3.236239
      1      -1.034200  29.385170  -0.661169
      2       0.768746  -1.144333  31.711440
 P Tensor eigenvectors:
                   0          1          2    
      0      -0.878866   0.294091   0.375641
      1       0.230133   0.951070  -0.206167
      2       0.417892   0.094745   0.903543
 P Eigenvalues: 
                  0          1          2    
      0      27.212022  29.357455  32.794828
P(iso)  29.788101
 Nucleus: 32 H  
 Shielding tensor (ppm): 
                  0          1          2    
      0      33.666998   5.631163  -1.347679
      1       3.611316  30.530825   1.645221
      2      -1.466010   0.454088  24.836175
 P Tensor eigenvectors:
                   0          1          2    
      0       0.300895  -0.507711  -0.807275
      1      -0.353322   0.726914  -0.588863
      2       0.885791   0.462414   0.039339
 P Eigenvalues: 
                  0          1          2    
      0      23.957051  28.076752  37.000195
P(iso)  29.677999
 Nucleus: 33 H  
 Shielding tensor (ppm): 
                  0          1          2    
      0      32.265865   2.431575  -5.937815
      1       1.798735  29.880185   0.605110
      2      -7.579813  -0.177523  27.534875
 P Tensor eigenvectors:
                   0          1          2    
      0       0.575189   0.070109   0.815011
      1      -0.192693  -0.956671   0.218287
      2       0.795002  -0.282603  -0.536757
 P Eigenvalues: 
                  0          1          2    
      0      22.471515  29.804299  37.405112
P(iso)  29.893642
 Nucleus: 34 H  
 Shielding tensor (ppm): 
                  0          1          2    
      0      30.686205   2.905835  -0.886087
      1      -0.523201  29.110221   0.220592
      2       2.819964  -0.168129  31.509274
 P Tensor eigenvectors:
                   0          1          2    
      0      -0.518411  -0.565705   0.641271
      1       0.835901  -0.493379   0.240512
      2       0.180331   0.660723   0.728646
 P Eigenvalues: 
                  0          1          2    
      0      28.406409  30.586963  32.312327
P(iso)  30.435233
 Nucleus: 35 C  
 Shielding tensor (ppm): 
                  0          1          2    
      0     129.802154  -0.069658   7.564198
      1       1.930934 148.403440   0.710809
      2      10.896371  -4.110712 149.942530
 P Tensor eigenvectors:
                   0          1          2    
      0      -0.926433   0.147184   0.346496
      1       0.066060   0.969681  -0.235275
      2       0.370619   0.195077   0.908067
 P Eigenvalues: 
                  0          1          2    
      0     126.114126 148.211602 153.822396
P(iso)  142.716041
 Nucleus: 36 H  
 Shielding tensor (ppm): 
                  0          1          2    
      0      30.321034   4.554320   0.573249
      1       4.730859  29.931900   0.736119
      2       1.426080   1.671301  27.558376
 P Tensor eigenvectors:
                   0          1          2    
      0       0.676923   0.206288   0.706555
      1      -0.729636   0.061578   0.681058
      2       0.096986  -0.976552   0.192198
 P Eigenvalues: 
                  0          1          2    
      0      25.462765  27.255353  35.093192
P(iso)  29.270437
 Nucleus: 37 H  
 Shielding tensor (ppm): 
                  0          1          2    
      0      33.174063  -2.128611  -3.246491
      1      -2.668290  28.751084   1.259434
      2      -3.204944   1.577385  26.139676
 P Tensor eigenvectors:
                   0          1          2    
      0       0.321843  -0.397863   0.859140
      1      -0.137743  -0.917443  -0.373262
      2       0.936720   0.001791  -0.350076
 P Eigenvalues: 
                  0          1          2    
      0      24.819537  27.700198  35.545089
P(iso)  29.354941
# -------------------------------------------------------------
----------------------- !GEOMETRIES! ------------------------
# -------------------------------------------------------------
------------------------ !GEOMETRY! -------------------------
    Number of atoms:    38 
    Geometry Index:     1 
    Coordinates:
               0 C     -3.026326148785   -2.689203599714   -3.520322457799
               1 C     -2.562966867272   -1.379984160060   -3.549554563913
               2 C     -1.952303394125   -1.535868370386   -1.243803124947
               3 C     -2.322434054033   -2.868455336407   -1.220896384424
               4 C     -2.956318228616   -3.403337154595   -2.331593048516
               5 C     -1.965278570788   -0.820261287760   -2.431275715135
               6 C     -0.857626406452    0.171410398026   -2.603321866829
               7 C     -1.589695284908   -3.769214120609   -0.270316313411
               8 C     -3.023797275322   -3.469417808039   -4.796552798257
               9 C     -1.537486242471   -3.736537700635   -5.157035123505
              10 C     -0.651323202292   -4.251511293181   -4.001366151452
              11 C     -0.073552359581   -3.559714615321   -0.472953674851
              12 C      0.656709001793   -3.865575125677   -1.807108475815
              13 C      0.454373997992   -0.656665473148   -2.604397864914
              14 C      0.514439649908   -1.819262532925   -3.625946539680
              15 H     -2.480931170309   -0.870475968160   -4.504812347700
              16 H     -1.402729084208   -1.125230233871   -0.403600624601
              17 H     -3.204607571605   -4.459435401164   -2.338636809125
              18 H     -0.816385741098    0.910409683265   -1.799279212821
              19 H     -0.951875698904    0.721341101902   -3.543131453918
              20 H     -1.865318285230   -4.813171566031   -0.439868775166
              21 H     -1.815572503314   -3.551607712141    0.777674819153
              22 H     -3.505815212146   -2.938202882477   -5.620147829247
              23 H     -1.121156870687   -2.825871945135   -5.592487474942
              24 H     -1.517679349407   -4.470889773271   -5.966339063451
              25 H     -0.072263931218   -5.085849994948   -4.403860756936
              26 H     -1.290863555228   -4.717267914566   -3.253794296821
              27 H      0.437925431272   -4.192749785242    0.259908596821
              28 H      0.162740293018   -2.541006174102   -0.162518014194
              29 H      0.664087616385   -4.955911948476   -1.916321900567
              30 H      1.697467117625   -3.615565483343   -1.575781582250
              31 H      0.643601662214   -1.019035192424   -1.593219578239
              32 H      1.277641827753    0.028889639505   -2.823285015295
              33 H      1.481924430985   -1.714782880192   -4.119685754283
              34 H     -0.202303144820   -1.604228478528   -4.418378217145
              35 C      0.415364949553   -3.348874690457   -3.263725914152
              36 H     -3.549160068790   -4.419680257301   -4.675229427252
              37 H      1.340464243112   -3.714633962409   -3.714005264421
