-------------------------------------------------------------
----------------------- !PROPERTIES! ------------------------
-------------------------------------------------------------
# -----------------------------------------------------------
$ SCF_Energy
   description: The SCF energy
   geom. index: 1
   prop. index: 1
        SCF Energy:     -193.3421065828
# -----------------------------------------------------------
$ DFT_Energy
   description: The DFT energy
   geom. index: 1
   prop. index: 1
   Number of Alpha Electrons                 18.0000718851 
   Number of Beta  Electrons                 18.0000718851 
   Total number of  Electrons                36.0001437702 
   Exchange energy                          -27.7954985579 
   Correlation energy                        -1.1734339585 
   Correlation energy NL                      0.0000000000 
   Exchange-Correlation energy              -28.9689325164 
   Embedding correction                       0.0000000000 
   Total DFT Energy (No VdW correction)    -193.3421065828 
# -----------------------------------------------------------
$ Calculation_Info
   description: Details of the calculation
   geom. index: 1
   prop. index: 1
     Multiplicity:                          1
     Charge:                                -1
     number of atoms:                       10
     number of electrons:                   0
     number of frozen core electrons:       1
     number of correlated electrons:        0
     number of basis functions:             250
     number of aux C basis functions:       0
     number of aux J basis functions:       300
     number of aux JK basis functions:      0
     number of aux CABS basis functions:    0
     Total Energy                           -193.342107
# -----------------------------------------------------------
$ SCF_Electric_Properties
   description: The SCF Calculated Electric Properties
   geom. index: 1
   prop. index: 1
       Filename                          : Ar-2.scfp 
       Do Dipole Moment Calculation      : true 
       Do Quadrupole Moment Calculation  : false 
       Do Polarizability Calculation     : false 
** Dipole moment part of electric properties **
        Magnitude of dipole moment (Debye) :        0.0017332528
        Electronic Contribution:
                  0    
      0      -0.000892
      1       0.000476
      2      -0.000144
        Nuclear Contribution:
                  0    
      0       0.001293
      1      -0.000895
      2       0.000503
        Total Dipole moment:
                  0    
      0       0.000401
      1      -0.000419
      2       0.000359
# -----------------------------------------------------------
$ EPRNMR_OrbitalShielding
   description: Orbital contribution to the NMR Shielding tensor (ppm)
   geom. index: 1
   prop. index: 1
 Number of stored nuclei 10
 Source density: 1 SCF 
 Nucleus: 0 C  
 Shielding tensor (ppm): 
                  0          1          2    
      0      71.787005 -66.891520  18.943199
      1     -66.937357  52.760352 -25.809954
      2      19.009220 -25.794781 107.479040
 P Tensor eigenvectors:
                   0          1          2    
      0       0.642324  -0.477405   0.599587
      1       0.763580   0.331165  -0.554324
      2       0.066074   0.813888   0.577252
 P Eigenvalues: 
                  0          1          2    
      0      -5.782071  85.845910 151.962558
P(iso)  77.342132
 Nucleus: 1 C  
 Shielding tensor (ppm): 
                  0          1          2    
      0      70.648869 -17.229145  67.848933
      1     -17.306101 105.580408 -26.614129
      2      67.984694 -26.612916  55.897359
 P Tensor eigenvectors:
                   0          1          2    
      0      -0.652171   0.463272   0.600043
      1       0.078885   0.828715  -0.554084
      2       0.753956   0.314024   0.577009
 P Eigenvalues: 
                  0          1          2    
      0      -5.698804  85.834554 151.990885
P(iso)  77.375545
 Nucleus: 2 C  
 Shielding tensor (ppm): 
                  0          1          2    
      0     104.254288 -39.865843  11.221266
      1     -39.864913  45.764877 -60.764307
      2      11.134631 -60.787614  81.991984
 P Tensor eigenvectors:
                   0          1          2    
      0       0.239906  -0.764293   0.598583
      1       0.812124  -0.179816  -0.555086
      2       0.531883   0.619292   0.577562
 P Eigenvalues: 
                  0          1          2    
      0      -5.806664  85.821792 151.996021
P(iso)  77.337049
 Nucleus: 3 C  
 Shielding tensor (ppm): 
                  0          1          2    
      0      50.812106 -53.078607  54.064163
      1     -52.960711  89.789379  -4.726906
      2      54.005128  -4.708310  91.383857
 P Tensor eigenvectors:
                   0          1          2    
      0       0.800871  -0.008590   0.598775
      1       0.422493   0.716720  -0.554808
      2      -0.424388   0.697308   0.577630
 P Eigenvalues: 
                  0          1          2    
      0      -5.841832  85.851840 151.975334
P(iso)  77.328447
 Nucleus: 4 C  
 Shielding tensor (ppm): 
                  0          1          2    
      0     103.563100  -9.038261  41.537733
      1      -9.034071  78.283744 -61.301794
      2      41.510160 -61.341526  50.184033
 P Tensor eigenvectors:
                   0          1          2    
      0      -0.256030   0.758818   0.598868
      1       0.551361   0.623496  -0.554305
      2       0.794009  -0.188274   0.578017
 P Eigenvalues: 
                  0          1          2    
      0      -5.797696  85.825459 152.003113
P(iso)  77.343626
 Nucleus: 5 H  
 Shielding tensor (ppm): 
                  0          1          2    
      0      25.300413   0.462579  -0.669853
      1       0.462333  25.514073   0.759627
      2      -0.671180   0.758221  25.654889
 P Tensor eigenvectors:
                   0          1          2    
      0      -0.599348  -0.759147  -0.253926
      1       0.555301  -0.622773   0.551176
      2      -0.576561   0.189341   0.794813
 P Eigenvalues: 
                  0          1          2    
      0      24.226935  25.847042  26.395398
P(iso)  25.489792
 Nucleus: 6 H  
 Shielding tensor (ppm): 
                  0          1          2    
      0      25.617378   0.720663  -0.746005
      1       0.717856  25.447753   0.420318
      2      -0.743101   0.420425  25.410423
 P Tensor eigenvectors:
                   0          1          2    
      0      -0.599108   0.004882   0.800653
      1       0.554818  -0.718448   0.419536
      2      -0.577275  -0.695564  -0.427719
 P Eigenvalues: 
                  0          1          2    
      0      24.233756  25.849849  26.391950
P(iso)  25.491851
 Nucleus: 7 H  
 Shielding tensor (ppm): 
                  0          1          2    
      0      25.295744   0.637281  -0.491211
      1       0.640610  25.711329   0.755668
      2      -0.493032   0.756393  25.465848
 P Tensor eigenvectors:
                   0          1          2    
      0       0.599376  -0.766528  -0.230614
      1      -0.553847  -0.189123  -0.810855
      2       0.577929   0.613732  -0.537895
 P Eigenvalues: 
                  0          1          2    
      0      24.230901  25.847458  26.394562
P(iso)  25.490974
 Nucleus: 8 H  
 Shielding tensor (ppm): 
                  0          1          2    
      0      25.501869   0.509216  -0.835004
      1       0.506314  25.353720   0.554290
      2      -0.827860   0.552950  25.618615
 P Tensor eigenvectors:
                   0          1          2    
      0       0.598492   0.465437  -0.652055
      1      -0.554328   0.828211   0.082385
      2       0.578384   0.312146   0.753682
 P Eigenvalues: 
                  0          1          2    
      0      24.227877  25.847749  26.398578
P(iso)  25.491401
 Nucleus: 9 H  
 Shielding tensor (ppm): 
                  0          1          2    
      0      25.493766   0.804284  -0.535639
      1       0.805733  25.670238   0.544483
      2      -0.537708   0.543100  25.313706
 P Tensor eigenvectors:
                   0          1          2    
      0      -0.599750  -0.475977  -0.643230
      1       0.554407   0.332471  -0.762952
      2      -0.577003   0.814192  -0.064486
 P Eigenvalues: 
                  0          1          2    
      0      24.233368  25.849492  26.394850
P(iso)  25.492570
# -------------------------------------------------------------
----------------------- !GEOMETRIES! ------------------------
# -------------------------------------------------------------
------------------------ !GEOMETRY! -------------------------
    Number of atoms:    10 
    Geometry Index:     1 
    Coordinates:
               0 C     -5.007473167630   -9.079329561733   -7.312432592121
               1 C     -5.019304702604   -8.071981432671   -6.332127123715
               2 C     -3.952903066093   -7.195658689400   -6.597082975251
               3 C     -3.281936181854   -7.661178644822   -7.741293407405
               4 C     -3.933404696163   -8.825874862818   -8.182794455345
               5 H     -3.655776893614   -9.424226698045   -9.043745374328
               6 H     -2.413731462941   -7.202480611245   -8.201633422352
               7 H     -3.692318421937   -6.314824062050   -6.020415879838
               8 H     -5.727502316007   -7.986041712310   -5.515110648221
               9 H     -5.704199091157   -9.907483724907   -7.384244121422
