-------------------------------------------------------------
----------------------- !PROPERTIES! ------------------------
-------------------------------------------------------------
# -----------------------------------------------------------
$ SCF_Energy
   description: The SCF energy
   geom. index: 1
   prop. index: 1
        SCF Energy:     -622.2821059862
# -----------------------------------------------------------
$ DFT_Energy
   description: The DFT energy
   geom. index: 1
   prop. index: 1
   Number of Alpha Electrons                 58.9997676348 
   Number of Beta  Electrons                 58.9997676348 
   Total number of  Electrons               117.9995352696 
   Exchange energy                          -90.5291564637 
   Correlation energy                        -3.9228642408 
   Correlation energy NL                      0.0000000000 
   Exchange-Correlation energy              -94.4520207045 
   Embedding correction                       0.0000000000 
   Total DFT Energy (No VdW correction)    -622.2821059862 
# -----------------------------------------------------------
$ Calculation_Info
   description: Details of the calculation
   geom. index: 1
   prop. index: 1
     Multiplicity:                          1
     Charge:                                0
     number of atoms:                       38
     number of electrons:                   0
     number of frozen core electrons:       1
     number of correlated electrons:        0
     number of basis functions:             884
     number of aux C basis functions:       0
     number of aux J basis functions:       1026
     number of aux JK basis functions:      0
     number of aux CABS basis functions:    0
     Total Energy                           -622.282106
# -----------------------------------------------------------
$ SCF_Electric_Properties
   description: The SCF Calculated Electric Properties
   geom. index: 1
   prop. index: 1
       Filename                          : H.scfp 
       Do Dipole Moment Calculation      : true 
       Do Quadrupole Moment Calculation  : false 
       Do Polarizability Calculation     : false 
** Dipole moment part of electric properties **
        Magnitude of dipole moment (Debye) :        1.3041849387
        Electronic Contribution:
                  0    
      0      -9.357737
      1       3.356783
      2       2.703863
        Nuclear Contribution:
                  0    
      0       9.840548
      1      -3.487074
      2      -2.818684
        Total Dipole moment:
                  0    
      0       0.482812
      1      -0.130291
      2      -0.114822
# -----------------------------------------------------------
$ EPRNMR_OrbitalShielding
   description: Orbital contribution to the NMR Shielding tensor (ppm)
   geom. index: 1
   prop. index: 1
 Number of stored nuclei 38
 Source density: 1 SCF 
 Nucleus: 0 C  
 Shielding tensor (ppm): 
                  0          1          2    
      0     152.584570 -22.089499 -10.255571
      1     -31.009587 -28.431287 -32.186812
      2      -8.681573 -27.410102 -64.059431
 P Tensor eigenvectors:
                   0          1          2    
      0       0.080465   0.063911  -0.994706
      1       0.865215   0.491012   0.101538
      2      -0.494902   0.868805   0.015787
 P Eigenvalues: 
                  0          1          2    
      0     -13.409017 -82.726318 156.229187
P(iso)  20.031284
 Nucleus: 1 C  
 Shielding tensor (ppm): 
                  0          1          2    
      0     125.285253 -72.402584  47.205474
      1     -35.518861  51.974951  25.418852
      2     -16.543159  49.943543 -58.200947
 P Tensor eigenvectors:
                   0          1          2    
      0       0.545055  -0.369880   0.752399
      1       0.819221   0.044109  -0.571779
      2       0.178303   0.928032   0.327056
 P Eigenvalues: 
                  0          1          2    
      0      36.050526 -38.563111 121.571842
P(iso)  39.686419
 Nucleus: 2 C  
 Shielding tensor (ppm): 
                  0          1          2    
      0      62.787667 -96.090932 -128.752916
      1     -48.992984  45.124974  10.393077
      2     -61.624504   1.835143   5.788069
 P Tensor eigenvectors:
                   0          1          2    
      0       0.217296   0.859107  -0.463376
      1       0.817502   0.099219   0.567315
      2      -0.533360   0.502086   0.680762
 P Eigenvalues: 
                  0          1          2    
      0      25.728370 -45.631459 133.603799
P(iso)  37.900237
 Nucleus: 3 C  
 Shielding tensor (ppm): 
                  0          1          2    
      0      91.076938   0.793834 -96.616292
      1      -2.658829 -32.460500  37.764960
      2     -104.646265  33.272447  -4.004719
 P Tensor eigenvectors:
                   0          1          2    
      0      -0.321883   0.407924  -0.854394
      1      -0.867421  -0.488720   0.093455
      2      -0.379437   0.771201   0.511153
 P Eigenvalues: 
                  0          1          2    
      0     -17.285237 -84.697273 156.594229
P(iso)  18.203906
 Nucleus: 4 C  
 Shielding tensor (ppm): 
                  0          1          2    
      0     131.158056  20.196858 -23.443418
      1     -52.306646 -77.295004  12.865542
      2     -26.061644  -8.219407  58.557795
 P Tensor eigenvectors:
                   0          1          2    
      0       0.300368   0.329608  -0.895063
      1      -0.056694  -0.930566  -0.361708
      2       0.952137  -0.159390   0.260825
 P Eigenvalues: 
                  0          1          2    
      0      50.809173 -38.058232  99.669906
P(iso)  37.473616
 Nucleus: 5 C  
 Shielding tensor (ppm): 
                  0          1          2    
      0      49.809356 -111.156425 -17.425447
      1     -118.928800  23.410887  23.857937
      2     -19.902109  30.444875 -10.663642
 P Tensor eigenvectors:
                   0          1          2    
      0       0.186047  -0.623463   0.759395
      1      -0.034662  -0.776573  -0.629073
      2       0.981929   0.090715  -0.166090
 P Eigenvalues: 
                  0          1          2    
      0     -15.713174 -79.721588 157.991363
P(iso)  20.852200
 Nucleus: 6 C  
 Shielding tensor (ppm): 
                  0          1          2    
      0     139.717816  11.875189  -6.336704
      1       5.288456 138.217777  -8.254465
      2       1.809242  -6.204279 127.096720
 P Tensor eigenvectors:
                   0          1          2    
      0      -0.135605  -0.744095  -0.654167
      1       0.499393   0.518921  -0.693778
      2       0.855698  -0.420766   0.301227
 P Eigenvalues: 
                  0          1          2    
      0     123.286706 132.191544 149.554063
P(iso)  135.010771
 Nucleus: 7 C  
 Shielding tensor (ppm): 
                  0          1          2    
      0     134.890590  -7.751366   7.578345
      1       0.913077 138.206543  -9.259765
      2       4.894683 -13.383690 133.773843
 P Tensor eigenvectors:
                   0          1          2    
      0      -0.267935   0.883392   0.384487
      1       0.548745   0.467948  -0.692751
      2       0.791890  -0.025373   0.610136
 P Eigenvalues: 
                  0          1          2    
      0     123.708132 132.778439 150.384406
P(iso)  135.623659
 Nucleus: 8 C  
 Shielding tensor (ppm): 
                  0          1          2    
      0     130.447503   1.580456  -3.766448
      1       4.144582 137.616818   6.064023
      2       1.667865  14.527153 141.757702
 P Tensor eigenvectors:
                   0          1          2    
      0      -0.634663   0.770287   0.062130
      1       0.611887   0.451787   0.649217
      2      -0.472014  -0.450051   0.758061
 P Eigenvalues: 
                  0          1          2    
      0     126.852544 132.734789 150.234690
P(iso)  136.607341
 Nucleus: 9 C  
 Shielding tensor (ppm): 
                  0          1          2    
      0     151.204770  -8.635346 -15.875934
      1      -2.057210 140.378512  13.838611
      2      -4.215503  -2.454020 143.168620
 P Tensor eigenvectors:
                   0          1          2    
      0      -0.299885   0.598113  -0.743189
      1       0.587054   0.729771   0.350432
      2      -0.751955   0.331203   0.569972
 P Eigenvalues: 
                  0          1          2    
      0     135.255953 138.662038 160.833911
P(iso)  144.917301
 Nucleus: 10 C  
 Shielding tensor (ppm): 
                  0          1          2    
      0     114.587809   8.302228   9.049094
      1       7.412004 145.074840   4.004002
      2      21.251507   5.164136 148.015723
 P Tensor eigenvectors:
                   0          1          2    
      0       0.922265   0.056560   0.382399
      1      -0.154735  -0.852511   0.499281
      2      -0.354239   0.519640   0.777489
 P Eigenvalues: 
                  0          1          2    
      0     107.873209 141.842801 157.962362
P(iso)  135.892791
 Nucleus: 11 C  
 Shielding tensor (ppm): 
                  0          1          2    
      0     149.912182  -3.138917   9.874359
      1      -4.278636 132.757518  -6.250871
      2      -4.982117   4.963538 134.437265
 P Tensor eigenvectors:
                   0          1          2    
      0       0.200300  -0.182286   0.962627
      1       0.979327   0.008930  -0.202084
      2       0.028241   0.983205   0.180307
 P Eigenvalues: 
                  0          1          2    
      0     131.984152 134.075297 151.047516
P(iso)  139.035655
 Nucleus: 12 C  
 Shielding tensor (ppm): 
                  0          1          2    
      0     120.183014  -4.727762  15.495166
      1       0.131798 137.064678 -13.985700
      2       9.085358 -11.754244 148.971737
 P Tensor eigenvectors:
                   0          1          2    
      0       0.916926   0.297454   0.266020
      1      -0.141110   0.865237  -0.481095
      2      -0.373274   0.403591   0.835333
 P Eigenvalues: 
                  0          1          2    
      0     115.356213 130.290089 160.573127
P(iso)  135.406477
 Nucleus: 13 C  
 Shielding tensor (ppm): 
                  0          1          2    
      0     145.260679   8.303227   8.478192
      1       3.339682 159.821439   1.652060
      2       6.798784  -2.037298 164.039796
 P Tensor eigenvectors:
                   0          1          2    
      0       0.913198  -0.160069   0.374763
      1      -0.273974  -0.921931   0.273828
      2      -0.301674   0.352734   0.885760
 P Eigenvalues: 
                  0          1          2    
      0     140.909234 160.954102 167.258578
P(iso)  156.373971
 Nucleus: 14 C  
 Shielding tensor (ppm): 
                  0          1          2    
      0     155.444278   6.897180   1.863691
      1      -8.496418 137.550487   4.361164
      2      -3.606536   0.518408 135.248712
 P Tensor eigenvectors:
                   0          1          2    
      0       0.023099   0.042774  -0.998818
      1      -0.530312   0.847462   0.024028
      2       0.847488   0.529130   0.042259
 P Eigenvalues: 
                  0          1          2    
      0     133.699249 139.029447 155.514782
P(iso)  142.747826
 Nucleus: 15 C  
 Shielding tensor (ppm): 
                  0          1          2    
      0     141.610106   9.212883  -6.581434
      1       3.762384 153.981646  -1.631323
      2     -11.009002   2.046128 135.708061
 P Tensor eigenvectors:
                   0          1          2    
      0       0.605608   0.655851   0.450664
      1      -0.152527  -0.460159   0.874636
      2       0.781009  -0.598425  -0.178641
 P Eigenvalues: 
                  0          1          2    
      0     128.729854 145.218337 157.351621
P(iso)  143.766604
 Nucleus: 16 H  
 Shielding tensor (ppm): 
                  0          1          2    
      0      24.076455  -0.041619   3.070385
      1      -0.011944  27.169335   1.424263
      2       2.986676   2.248916  21.335503
 P Tensor eigenvectors:
                   0          1          2    
      0      -0.510350   0.810063   0.288689
      1      -0.184458  -0.430999   0.883298
      2       0.839951   0.397540   0.369384
 P Eigenvalues: 
                  0          1          2    
      0      19.077274  25.557724  27.946294
P(iso)  24.193764
 Nucleus: 17 H  
 Shielding tensor (ppm): 
                  0          1          2    
      0      20.439933  -0.963581  -3.235145
      1      -0.607550  26.825926  -1.903221
      2      -2.720838  -2.054472  24.447669
 P Tensor eigenvectors:
                   0          1          2    
      0       0.851327  -0.507027  -0.134780
      1       0.193365   0.542059  -0.817791
      2       0.487701   0.670146   0.559511
 P Eigenvalues: 
                  0          1          2    
      0      18.527210  25.134051  28.052268
P(iso)  23.904509
 Nucleus: 18 H  
 Shielding tensor (ppm): 
                  0          1          2    
      0      24.991013   2.136276   0.494693
      1       1.823814  20.212083  -0.733578
      2       0.672135  -0.775621  27.436039
 P Tensor eigenvectors:
                   0          1          2    
      0      -0.344881   0.920593   0.183211
      1       0.931760   0.359366  -0.051760
      2       0.113490  -0.152858   0.981710
 P Eigenvalues: 
                  0          1          2    
      0      19.395725  25.659795  27.583614
P(iso)  24.213045
 Nucleus: 19 H  
 Shielding tensor (ppm): 
                  0          1          2    
      0      25.479800  -0.012754   0.119495
      1      -0.319109  32.728265   3.530272
      2      -0.320854   2.313132  26.389234
 P Tensor eigenvectors:
                   0          1          2    
      0      -0.151852   0.988053  -0.026319
      1       0.365440   0.080865   0.927316
      2      -0.918365  -0.131197   0.373353
 P Eigenvalues: 
                  0          1          2    
      0      25.244064  25.480445  33.872791
P(iso)  28.199100
 Nucleus: 20 H  
 Shielding tensor (ppm): 
                  0          1          2    
      0      27.241585   1.428634   0.607089
      1      -0.745037  31.185385  -4.208440
      2       1.835033  -3.321249  29.132034
 P Tensor eigenvectors:
                   0          1          2    
      0      -0.557551   0.825230   0.090182
      1       0.474749   0.406086  -0.780838
      2       0.680992   0.392543   0.618190
 P Eigenvalues: 
                  0          1          2    
      0      25.464620  28.003140  34.091244
P(iso)  29.186335
 Nucleus: 21 H  
 Shielding tensor (ppm): 
                  0          1          2    
      0      27.885339   1.513195   1.139593
      1       3.409797  31.314252  -2.285125
      2      -0.754547  -3.344903  28.354546
 P Tensor eigenvectors:
                   0          1          2    
      0       0.608952   0.707701  -0.358242
      1      -0.545952   0.046314  -0.836536
      2      -0.575426   0.704992   0.414573
 P Eigenvalues: 
                  0          1          2    
      0      25.522422  28.295537  33.736177
P(iso)  29.184712
 Nucleus: 22 H  
 Shielding tensor (ppm): 
                  0          1          2    
      0      25.958488  -0.001634  -1.895624
      1       0.008722  25.125206  -0.802049
      2      -1.936132   0.458833  33.419341
 P Tensor eigenvectors:
                   0          1          2    
      0      -0.091931   0.967632  -0.235025
      1      -0.995278  -0.096677  -0.008725
      2      -0.031164   0.233113   0.971950
 P Eigenvalues: 
                  0          1          2    
      0      25.119329  25.498886  33.884819
P(iso)  28.167678
 Nucleus: 23 H  
 Shielding tensor (ppm): 
                  0          1          2    
      0      30.176936  -0.868835   4.434986
      1      -0.401972  25.458251   0.061675
      2       4.157193  -0.837174  29.310167
 P Tensor eigenvectors:
                   0          1          2    
      0       0.500906  -0.452200   0.737976
      1       0.738535   0.667905  -0.092022
      2      -0.451285   0.591115   0.668524
 P Eigenvalues: 
                  0          1          2    
      0      25.272749  25.550011  34.122594
P(iso)  28.315118
 Nucleus: 24 H  
 Shielding tensor (ppm): 
                  0          1          2    
      0      28.703025   3.862513  -0.476810
      1       4.268710  30.674489   0.113348
      2       1.142843   1.866325  28.257289
 P Tensor eigenvectors:
                   0          1          2    
      0       0.769412   0.193499   0.608739
      1      -0.625706   0.036689   0.779195
      2       0.128439  -0.980414   0.149303
 P Eigenvalues: 
                  0          1          2    
      0      25.459656  28.137395  34.037751
P(iso)  29.211601
 Nucleus: 25 H  
 Shielding tensor (ppm): 
                  0          1          2    
      0      28.338723   0.982459  -1.589626
      1       0.628532  29.510544  -1.003775
      2       0.624757  -3.855867  31.779316
 P Tensor eigenvectors:
                   0          1          2    
      0       0.589334   0.795120  -0.143073
      1      -0.711425   0.426844  -0.558283
      2      -0.382832   0.430800   0.817221
 P Eigenvalues: 
                  0          1          2    
      0      27.654767  28.513400  33.460415
P(iso)  29.876194
 Nucleus: 26 H  
 Shielding tensor (ppm): 
                  0          1          2    
      0      27.788990  -1.832719  -1.361286
      1      -0.347102  26.997624   5.156845
      2       0.787499   4.718518  34.794614
 P Tensor eigenvectors:
                   0          1          2    
      0       0.250121   0.966476  -0.057987
      1       0.876480  -0.200572   0.437668
      2      -0.411365   0.160294   0.897265
 P Eigenvalues: 
                  0          1          2    
      0      24.387115  27.953323  37.240790
P(iso)  29.860409
 Nucleus: 27 H  
 Shielding tensor (ppm): 
                  0          1          2    
      0      31.511399  -3.159401  -1.991623
      1      -3.124597  28.428717   3.737494
      2      -1.716092   3.208190  30.932408
 P Tensor eigenvectors:
                   0          1          2    
      0      -0.307233   0.727955  -0.612935
      1      -0.847719   0.083311   0.523863
      2       0.432412   0.680545   0.591505
 P Eigenvalues: 
                  0          1          2    
      0      25.497726  29.397720  35.977078
P(iso)  30.290841
 Nucleus: 28 H  
 Shielding tensor (ppm): 
                  0          1          2    
      0      27.995170  -1.454893   1.232766
      1       0.809681  34.659311  -0.534914
      2       1.702157   1.226196  29.687743
 P Tensor eigenvectors:
                   0          1          2    
      0       0.862595   0.505641  -0.016043
      1       0.036860  -0.031192   0.998834
      2      -0.504550   0.862180   0.045544
 P Eigenvalues: 
                  0          1          2    
      0      27.124388  30.530910  34.686925
P(iso)  30.780741
 Nucleus: 29 H  
 Shielding tensor (ppm): 
                  0          1          2    
      0      30.254555  -3.608048   4.060078
      1      -2.669240  26.436207  -3.635769
      2       2.307175  -2.802970  32.291402
 P Tensor eigenvectors:
                   0          1          2    
      0       0.367352  -0.749768   0.550364
      1       0.903349   0.146770  -0.403014
      2       0.221390   0.645218   0.731218
 P Eigenvalues: 
                  0          1          2    
      0      24.385506  28.021041  36.575616
P(iso)  29.660721
 Nucleus: 30 H  
 Shielding tensor (ppm): 
                  0          1          2    
      0      28.926883   2.747010   2.656300
      1       0.616931  29.951575   0.480699
      2       0.415594   2.697407  29.924607
 P Tensor eigenvectors:
                   0          1          2    
      0       0.875628   0.067878   0.478193
      1      -0.399971   0.656895   0.639150
      2      -0.270738  -0.750920   0.602345
 P Eigenvalues: 
                  0          1          2    
      0      27.601711  28.357380  32.843973
P(iso)  29.601022
 Nucleus: 31 H  
 Shielding tensor (ppm): 
                  0          1          2    
      0      26.561177  -3.513437   0.904452
      1      -0.815280  34.235646  -0.329713
      2       0.498435  -0.435167  30.803245
 P Tensor eigenvectors:
                   0          1          2    
      0       0.967705   0.081733   0.238468
      1       0.223633   0.158243  -0.961742
      2      -0.116342   0.984012   0.134855
 P Eigenvalues: 
                  0          1          2    
      0      25.927585  30.798598  34.873885
P(iso)  30.533356
 Nucleus: 32 H  
 Shielding tensor (ppm): 
                  0          1          2    
      0      34.268031  -2.571524   0.941025
      1      -3.172245  26.986651  -1.151894
      2       0.865223  -0.802826  29.301785
 P Tensor eigenvectors:
                   0          1          2    
      0       0.295089  -0.238040   0.925343
      1       0.937417  -0.115242  -0.328585
      2       0.184855   0.964394   0.189136
 P Eigenvalues: 
                  0          1          2    
      0      25.870759  29.197471  35.488236
P(iso)  30.185489
 Nucleus: 33 H  
 Shielding tensor (ppm): 
                  0          1          2    
      0      46.097771  -8.690330  -6.122009
      1      -7.079582  28.244043   3.186488
      2      -5.479673   2.747901  29.865670
 P Tensor eigenvectors:
                   0          1          2    
      0       0.294236  -0.356799  -0.886634
      1       0.927722  -0.116324   0.354683
      2      -0.229687  -0.926911   0.296783
 P Eigenvalues: 
                  0          1          2    
      0      25.090108  28.058584  51.058792
P(iso)  34.735828
 Nucleus: 34 H  
 Shielding tensor (ppm): 
                  0          1          2    
      0      28.861133   1.569367   3.725781
      1      -0.350073  28.882502   0.868260
      2       1.005922   0.161985  31.787030
 P Tensor eigenvectors:
                   0          1          2    
      0       0.880122  -0.094610   0.465225
      1      -0.196993  -0.964377   0.176555
      2      -0.431949   0.247036   0.867406
 P Eigenvalues: 
                  0          1          2    
      0      27.485302  28.814782  33.230581
P(iso)  29.843555
 Nucleus: 35 H  
 Shielding tensor (ppm): 
                  0          1          2    
      0      33.368639   5.493660  -1.453826
      1       3.325205  31.263253   0.586271
      2      -1.275936  -0.012672  24.610012
 P Tensor eigenvectors:
                   0          1          2    
      0       0.235915  -0.582771  -0.777639
      1      -0.183866   0.759004  -0.624585
      2       0.954221   0.290330   0.071909
 P Eigenvalues: 
                  0          1          2    
      0      24.224724  28.104934  36.912246
P(iso)  29.747301
 Nucleus: 36 H  
 Shielding tensor (ppm): 
                  0          1          2    
      0      36.052657   0.191859  -2.212303
      1      -0.204777  29.171668   0.863587
      2      -3.479536   0.944529  26.548450
 P Tensor eigenvectors:
                   0          1          2    
      0       0.245311   0.088606  -0.965387
      1      -0.233127   0.971984   0.029972
      2       0.940997   0.217705   0.259095
 P Eigenvalues: 
                  0          1          2    
      0      25.553160  29.373062  36.846553
P(iso)  30.590925
 Nucleus: 37 H  
 Shielding tensor (ppm): 
                  0          1          2    
      0      28.332658   2.579317  -2.459598
      1       1.459923  29.788366  -0.586090
      2      -0.497006  -1.576744  33.512232
 P Tensor eigenvectors:
                   0          1          2    
      0       0.842299   0.442688  -0.307506
      1      -0.533025   0.768880  -0.353140
      2       0.080104   0.461357   0.883591
 P Eigenvalues: 
                  0          1          2    
      0      26.858860  30.299499  34.474897
P(iso)  30.544419
# -------------------------------------------------------------
----------------------- !GEOMETRIES! ------------------------
# -------------------------------------------------------------
------------------------ !GEOMETRY! -------------------------
    Number of atoms:    38 
    Geometry Index:     1 
    Coordinates:
               0 C     -3.229515602788   -2.688484510862   -3.338115476328
               1 C     -2.788774799936   -1.369919960412   -3.432692264344
               2 C     -2.131919125232   -1.398132452323   -1.130776534230
               3 C     -2.514481881611   -2.729799840344   -1.025535263204
               4 C     -3.142524486600   -3.339646924708   -2.110980762482
               5 C     -2.143178273974   -0.758980226325   -2.366336199017
               6 C     -1.012647393392    0.190997630688   -2.661641226467
               7 C     -1.731412691506   -3.582311210511   -0.058022567653
               8 C     -3.190219897021   -3.510219389024   -4.600902368611
               9 C     -1.737936286621   -3.556587865910   -5.153527440073
              10 C     -0.617394709837   -4.039250523100   -4.208539018095
              11 C     -0.214092365750   -3.501473357368   -0.392683785092
              12 C      0.273440712819   -3.907956109377   -1.803922518589
              13 C     -0.258885003671   -3.113701734657   -3.023036033653
              14 C      0.340528465699   -0.576314718430   -2.587777439255
              15 C      0.526184270951   -1.854299349037   -3.440891025771
              16 H     -2.702487508166   -0.919237263194   -4.416059072576
              17 H     -1.542593756779   -0.962043020534   -0.330721071996
              18 H     -3.317086313940   -4.410129507894   -2.076169236501
              19 H     -0.967113591595    1.022632073062   -1.953227280032
              20 H     -1.133647178791    0.628130124828   -3.655772703312
              21 H     -2.068049652263   -4.620678766236   -0.110455675289
              22 H     -1.862447309690   -3.260794296071    0.978934672915
              23 H     -3.837413955172   -3.098888485494   -5.380257707966
              24 H     -3.542497269400   -4.526113390193   -4.405676314384
              25 H     -1.486701236993   -2.567839666471   -5.547903888991
              26 H     -1.744906682630   -4.217917614097   -6.024957889690
              27 H      0.269958554502   -4.243983027021   -4.818281876802
              28 H     -0.923322581967   -5.010871894218   -3.806947550307
              29 H      0.305158023349   -4.147999878483    0.321356340782
              30 H      0.133804342147   -2.491055411184   -0.166622512558
              31 H      0.012737478092   -4.961937001504   -1.941669039550
              32 H      1.368561793093   -3.887044153286   -1.782004368484
              33 H     -1.198167104968   -2.745641307505   -2.707188501386
              34 H      0.542578006492   -0.811111820931   -1.539812573530
              35 H      1.121514240707    0.131067676604   -2.881476048023
              36 H      1.599258218179   -2.075203790851   -3.467861130535
              37 H      0.259612554262   -1.606219037627   -4.474496648918
