-------------------------------------------------------------
----------------------- !PROPERTIES! ------------------------
-------------------------------------------------------------
# -----------------------------------------------------------
$ SCF_Energy
   description: The SCF energy
   geom. index: 1
   prop. index: 1
        SCF Energy:     -448.8820472030
# -----------------------------------------------------------
$ DFT_Energy
   description: The DFT energy
   geom. index: 1
   prop. index: 1
   Number of Alpha Electrons                 25.0000002249 
   Number of Beta  Electrons                 25.0000002249 
   Total number of  Electrons                50.0000004498 
   Exchange energy                          -45.1205909812 
   Correlation energy                        -1.6608466165 
   Correlation energy NL                      0.0000000000 
   Exchange-Correlation energy              -46.7814375978 
   Embedding correction                       0.0000000000 
   Total DFT Energy (No VdW correction)    -448.8820472030 
# -----------------------------------------------------------
$ Solvation_Details
   description: Details concerning solvation
   geom. index: 1
   prop. index: 1
     Epsilon:               80.4000000000
     Refrac:                 1.3300000000
     RSolv:                  1.3000000000
     Surface Type:                      2
     Number of Points:                998
     Surface Area:         547.7554489900
     Dielectric Energy:     -0.0020995943
# -----------------------------------------------------------
$ Calculation_Info
   description: Details of the calculation
   geom. index: 1
   prop. index: 1
     Multiplicity:                          1
     Charge:                                0
     number of atoms:                       17
     number of electrons:                   0
     number of frozen core electrons:       1
     number of correlated electrons:        0
     number of basis functions:             355
     number of aux C basis functions:       0
     number of aux J basis functions:       379
     number of aux JK basis functions:      0
     number of aux CABS basis functions:    0
     Total Energy                           -448.882047
# -----------------------------------------------------------
$ SCF_Electric_Properties
   description: The SCF Calculated Electric Properties
   geom. index: 1
   prop. index: 1
       Filename                          : TMS.scfp 
       Do Dipole Moment Calculation      : true 
       Do Quadrupole Moment Calculation  : false 
       Do Polarizability Calculation     : false 
** Dipole moment part of electric properties **
        Magnitude of dipole moment (Debye) :        0.0054929740
        Electronic Contribution:
                  0    
      0      -0.008794
      1       0.002356
      2       0.008965
        Nuclear Contribution:
                  0    
      0       0.007323
      1      -0.002044
      2      -0.007413
        Total Dipole moment:
                  0    
      0      -0.001471
      1       0.000312
      2       0.001552
# -----------------------------------------------------------
$ EPRNMR_OrbitalShielding
   description: Orbital contribution to the NMR Shielding tensor (ppm)
   geom. index: 1
   prop. index: 1
 Number of stored nuclei 17
 Source density: 1 SCF 
 Nucleus: 0 Si 
 Shielding tensor (ppm): 
                  0          1          2    
      0     323.135625  -0.136623  -0.505574
      1      -0.146771 323.267581  -0.074950
      2      -0.601841  -0.314309 322.839865
 P Tensor eigenvectors:
                   0          1          2    
      0       0.588018  -0.175281  -0.789627
      1       0.253932   0.966885  -0.025531
      2       0.767954  -0.185499   0.613055
 P Eigenvalues: 
                  0          1          2    
      0     322.351408 323.330647 323.561017
P(iso)  323.081024
 Nucleus: 1 C  
 Shielding tensor (ppm): 
                  0          1          2    
      0     184.072819   5.330788   0.391731
      1       5.236699 184.854338   0.215898
      2       0.489373   0.271948 179.083713
 P Tensor eigenvectors:
                   0          1          2    
      0      -0.453894   0.575538   0.680248
      1       0.372742  -0.570776   0.731627
      2       0.809348   0.585638   0.044545
 P Eigenvalues: 
                  0          1          2    
      0     178.948946 179.278766 189.783159
P(iso)  182.670290
 Nucleus: 2 C  
 Shielding tensor (ppm): 
                  0          1          2    
      0     188.103114  -3.946299  -0.399909
      1      -3.923890 180.838972   0.173905
      2      -0.247828   0.197477 179.184673
 P Tensor eigenvectors:
                   0          1          2    
      0       0.340663   0.214413  -0.915410
      1       0.818103   0.412198   0.400999
      2      -0.463309   0.885506   0.034991
 P Eigenvalues: 
                  0          1          2    
      0     179.094945 179.192759 189.839055
P(iso)  182.708920
 Nucleus: 3 C  
 Shielding tensor (ppm): 
                  0          1          2    
      0     179.344902  -0.611860  -1.140352
      1      -0.589388 181.817123   4.645413
      2      -1.187193   4.692513 186.860882
 P Tensor eigenvectors:
                   0          1          2    
      0      -0.394845   0.910341  -0.124003
      1       0.763092   0.400114   0.507543
      2      -0.511653  -0.105775   0.852657
 P Eigenvalues: 
                  0          1          2    
      0     178.997936 179.216154 189.808818
P(iso)  182.674303
 Nucleus: 4 C  
 Shielding tensor (ppm): 
                  0          1          2    
      0     179.262832  -0.811525   0.889177
      1      -0.766480 183.252372  -5.141354
      2       0.782741  -5.143694 185.565783
 P Tensor eigenvectors:
                   0          1          2    
      0       0.702510  -0.703447   0.107901
      1       0.599778   0.503600  -0.621815
      2       0.383075   0.501547   0.775696
 P Eigenvalues: 
                  0          1          2    
      0     179.044891 179.231492 189.804604
P(iso)  182.693662
 Nucleus: 5 H  
 Shielding tensor (ppm): 
                  0          1          2    
      0      28.573773   1.458440  -0.345912
      1       1.169584  33.618760  -4.833474
      2      -0.048912  -4.491018  32.191876
 P Tensor eigenvectors:
                   0          1          2    
      0       0.638645   0.760210  -0.119223
      1      -0.553510   0.346205  -0.757475
      2      -0.534564   0.549749   0.641886
 P Eigenvalues: 
                  0          1          2    
      0      27.600129  29.023899  37.760381
P(iso)  31.461470
 Nucleus: 6 H  
 Shielding tensor (ppm): 
                  0          1          2    
      0      37.618875  -1.211655  -0.005987
      1      -0.699308  29.132650   0.096080
      2       0.029190   0.085450  27.614800
 P Tensor eigenvectors:
                   0          1          2    
      0      -0.007251   0.114100  -0.993443
      1      -0.064063   0.991375   0.114330
      2       0.997920   0.064472   0.000122
 P Eigenvalues: 
                  0          1          2    
      0      27.608894  29.032434  37.724996
P(iso)  31.455441
 Nucleus: 7 H  
 Shielding tensor (ppm): 
                  0          1          2    
      0      28.563855   1.319266   0.478428
      1       1.088254  32.261219   4.839162
      2       0.156167   4.513655  33.515164
 P Tensor eigenvectors:
                   0          1          2    
      0      -0.630287  -0.768590   0.109579
      1       0.625061  -0.418658   0.658806
      2      -0.460475   0.483730   0.744290
 P Eigenvalues: 
                  0          1          2    
      0      27.602002  29.015127  37.723109
P(iso)  31.446746
 Nucleus: 8 H  
 Shielding tensor (ppm): 
                  0          1          2    
      0      30.127509  -2.697274   2.036844
      1      -2.406502  32.100881  -4.420638
      2       1.655104  -4.246306  32.127798
 P Tensor eigenvectors:
                   0          1          2    
      0      -0.329868  -0.865705   0.376487
      1      -0.745404  -0.005864  -0.666587
      2      -0.579275   0.500521   0.643365
 P Eigenvalues: 
                  0          1          2    
      0      27.603381  29.028488  37.724320
P(iso)  31.452063
 Nucleus: 9 H  
 Shielding tensor (ppm): 
                  0          1          2    
      0      30.226428  -2.442400  -2.596030
      1      -2.220049  30.588380   4.088425
      2      -2.153529   3.900206  33.542507
 P Tensor eigenvectors:
                   0          1          2    
      0      -0.363998   0.842428  -0.397267
      1      -0.834146  -0.105091   0.541439
      2       0.414374   0.528461   0.740961
 P Eigenvalues: 
                  0          1          2    
      0      27.587141  29.011167  37.759008
P(iso)  31.452439
 Nucleus: 10 H  
 Shielding tensor (ppm): 
                  0          1          2    
      0      35.599894   3.977160   0.464981
      1       3.464795  31.110575   0.393863
      2       0.407244   0.400942  27.642163
 P Tensor eigenvectors:
                   0          1          2    
      0      -0.003747  -0.498234  -0.867035
      1      -0.108448   0.862129  -0.494947
      2       0.994095   0.092174  -0.057263
 P Eigenvalues: 
                  0          1          2    
      0      27.597156  29.021993  37.733482
P(iso)  31.450877
 Nucleus: 11 H  
 Shielding tensor (ppm): 
                  0          1          2    
      0      27.687967  -0.443087   0.355528
      1      -0.457144  30.175612  -2.744069
      2       0.464921  -3.253712  36.499057
 P Tensor eigenvectors:
                   0          1          2    
      0       0.980330  -0.189449   0.055338
      1       0.196256   0.906028  -0.374962
      2       0.020898   0.378447   0.925387
 P Eigenvalues: 
                  0          1          2    
      0      27.606639  29.031142  37.724854
P(iso)  31.454212
 Nucleus: 12 H  
 Shielding tensor (ppm): 
                  0          1          2    
      0      31.062946   4.110011   0.945175
      1       4.356435  33.703086   2.418670
      2       1.280446   2.743417  29.608841
 P Tensor eigenvectors:
                   0          1          2    
      0      -0.621178  -0.561427   0.546752
      1       0.629394   0.058267   0.774899
      2      -0.466907   0.825472   0.317165
 P Eigenvalues: 
                  0          1          2    
      0      27.610246  29.020953  37.743674
P(iso)  31.458291
 Nucleus: 13 H  
 Shielding tensor (ppm): 
                  0          1          2    
      0      34.634134  -3.869543  -1.640413
      1      -4.084403  30.240559   1.698935
      2      -2.075130   1.885085  29.494638
 P Tensor eigenvectors:
                   0          1          2    
      0       0.352494  -0.457690  -0.816252
      1       0.827436  -0.255016   0.500316
      2      -0.437147  -0.851755   0.288818
 P Eigenvalues: 
                  0          1          2    
      0      27.600182  29.021422  37.747727
P(iso)  31.456443
 Nucleus: 14 H  
 Shielding tensor (ppm): 
                  0          1          2    
      0      27.709423  -0.436999  -0.583628
      1      -0.424627  29.417715   1.679343
      2      -0.687423   2.199542  37.242324
 P Tensor eigenvectors:
                   0          1          2    
      0       0.977876  -0.196391  -0.072039
      1       0.207965   0.949866   0.233462
      2       0.022577  -0.243278   0.969694
 P Eigenvalues: 
                  0          1          2    
      0      27.603092  29.018586  37.747785
P(iso)  31.456487
 Nucleus: 15 H  
 Shielding tensor (ppm): 
                  0          1          2    
      0      34.684106  -3.978907   1.127788
      1      -4.276351  30.674590  -1.557047
      2       1.511506  -1.723827  29.017738
 P Tensor eigenvectors:
                   0          1          2    
      0       0.334288  -0.465841   0.819295
      1       0.753760  -0.389703  -0.529129
      2       0.565771   0.794433   0.220860
 P Eigenvalues: 
                  0          1          2    
      0      27.612215  29.039338  37.724881
P(iso)  31.458811
 Nucleus: 16 H  
 Shielding tensor (ppm): 
                  0          1          2    
      0      30.944622   4.217403  -0.293382
      1       4.492632  34.456156  -1.652908
      2      -0.579312  -1.992367  28.947173
 P Tensor eigenvectors:
                   0          1          2    
      0      -0.644709   0.541412  -0.539651
      1       0.549839  -0.162001  -0.819410
      2       0.531062   0.825002   0.193246
 P Eigenvalues: 
                  0          1          2    
      0      27.589695  29.010700  37.747556
P(iso)  31.449317
# -------------------------------------------------------------
----------------------- !GEOMETRIES! ------------------------
# -------------------------------------------------------------
------------------------ !GEOMETRY! -------------------------
    Number of atoms:    17 
    Geometry Index:     1 
    Coordinates:
               0 Si    -2.021825276731    1.206619983363   -0.015102538505
               1 C     -0.732670890375    2.579514704841    0.092644523819
               2 C     -3.751584924455    1.958629454429    0.028089566124
               3 C     -1.794860338124    0.255735761639   -1.628519273923
               4 C     -1.803812716222    0.031601969417    1.444173447145
               5 H     -0.825221418486    3.278164962020   -0.740977197309
               6 H      0.280948498690    2.174278198765    0.071607499934
               7 H     -0.838181931773    3.153173629646    1.015667165746
               8 H     -3.900347852236    2.659688212692   -0.795609507543
               9 H     -3.926704241368    2.502588662727    0.958281345063
              10 H     -4.521680251287    1.189101646970   -0.052948026104
              11 H     -1.908452348959    0.911510032337   -2.494138148044
              12 H     -2.529852083046   -0.545612136321   -1.725172005902
              13 H     -0.803726992437   -0.198144821930   -1.688371283738
              14 H     -1.934831592391    0.549874692163    2.395944608080
              15 H     -0.807723602682   -0.415322076068    1.447631185513
              16 H     -2.528862038118   -0.784262876689    1.411678639644
