-------------------------------------------------------------
----------------------- !PROPERTIES! ------------------------
-------------------------------------------------------------
# -----------------------------------------------------------
$ SCF_Energy
   description: The SCF energy
   geom. index: 1
   prop. index: 1
        SCF Energy:     -307.4128322256
# -----------------------------------------------------------
$ DFT_Energy
   description: The DFT energy
   geom. index: 1
   prop. index: 1
   Number of Alpha Electrons                 24.0000264269 
   Number of Beta  Electrons                 24.0000264269 
   Total number of  Electrons                48.0000528538 
   Exchange energy                          -39.9763366487 
   Correlation energy                        -1.5996768140 
   Correlation energy NL                      0.0000000000 
   Exchange-Correlation energy              -41.5760134627 
   Embedding correction                       0.0000000000 
   Total DFT Energy (No VdW correction)    -307.4128322256 
# -----------------------------------------------------------
$ Calculation_Info
   description: Details of the calculation
   geom. index: 1
   prop. index: 1
     Multiplicity:                          1
     Charge:                                0
     number of atoms:                       14
     number of electrons:                   0
     number of frozen core electrons:       1
     number of correlated electrons:        0
     number of basis functions:             328
     number of aux C basis functions:       0
     number of aux J basis functions:       382
     number of aux JK basis functions:      0
     number of aux CABS basis functions:    0
     Total Energy                           -307.412832
# -----------------------------------------------------------
$ SCF_Electric_Properties
   description: The SCF Calculated Electric Properties
   geom. index: 1
   prop. index: 1
       Filename                          : G.scfp 
       Do Dipole Moment Calculation      : true 
       Do Quadrupole Moment Calculation  : false 
       Do Polarizability Calculation     : false 
** Dipole moment part of electric properties **
        Magnitude of dipole moment (Debye) :        0.0000020555
        Electronic Contribution:
                  0    
      0      -0.000010
      1      -0.000003
      2      -0.000009
        Nuclear Contribution:
                  0    
      0       0.000009
      1       0.000003
      2       0.000009
        Total Dipole moment:
                  0    
      0      -0.000000
      1      -0.000001
      2      -0.000000
# -----------------------------------------------------------
$ EPRNMR_OrbitalShielding
   description: Orbital contribution to the NMR Shielding tensor (ppm)
   geom. index: 1
   prop. index: 1
 Number of stored nuclei 14
 Source density: 1 SCF 
 Nucleus: 0 C  
 Shielding tensor (ppm): 
                  0          1          2    
      0      97.209366  16.833277  18.109987
      1      14.347820 113.119078  20.557721
      2      -8.038904  27.698836 111.097014
 P Tensor eigenvectors:
                   0          1          2    
      0      -0.521341  -0.805347   0.282169
      1       0.670482  -0.182033   0.719248
      2      -0.527880   0.564163   0.634872
 P Eigenvalues: 
                  0          1          2    
      0      83.024043  97.196316 141.205099
P(iso)  107.141819
 Nucleus: 1 C  
 Shielding tensor (ppm): 
                  0          1          2    
      0     128.886087 -23.802380   2.860510
      1      -8.919162  89.736068 -12.490331
      2      24.342729  -4.961664 102.866732
 P Tensor eigenvectors:
                   0          1          2    
      0       0.311191  -0.382166   0.870120
      1       0.933988  -0.046167  -0.354309
      2       0.175575   0.922940   0.342572
 P Eigenvalues: 
                  0          1          2    
      0      83.046098  97.210168 141.232621
P(iso)  107.162962
 Nucleus: 2 O  
 Shielding tensor (ppm): 
                  0          1          2    
      0     268.530673 -15.687449 -50.836997
      1     -13.404880 279.042640  -6.141597
      2     -51.713611  -3.387599 282.705269
 P Tensor eigenvectors:
                   0          1          2    
      0      -0.741357   0.092470   0.664710
      1      -0.235180  -0.963451  -0.128270
      2      -0.628554   0.251420  -0.736008
 P Eigenvalues: 
                  0          1          2    
      0     220.444402 281.700207 328.133973
P(iso)  276.759527
 Nucleus: 3 O  
 Shielding tensor (ppm): 
                  0          1          2    
      0     268.480005 -15.651342 -50.876824
      1     -13.378888 279.041755  -6.120412
      2     -51.653089  -3.428229 282.751703
 P Tensor eigenvectors:
                   0          1          2    
      0      -0.741694   0.092915   0.664271
      1      -0.234943  -0.963605  -0.127541
      2      -0.628245   0.250663  -0.736530
 P Eigenvalues: 
                  0          1          2    
      0     220.452427 281.701273 328.119764
P(iso)  276.757821
 Nucleus: 4 C  
 Shielding tensor (ppm): 
                  0          1          2    
      0      97.292426  16.828269  18.100561
      1      14.370468 113.182665  20.582525
      2      -8.126024  27.713790 111.111487
 P Tensor eigenvectors:
                   0          1          2    
      0      -0.519791  -0.806416   0.281974
      1       0.670469  -0.180532   0.719639
      2      -0.529423   0.563117   0.634516
 P Eigenvalues: 
                  0          1          2    
      0      83.037540  97.295051 141.253988
P(iso)  107.195526
 Nucleus: 5 C  
 Shielding tensor (ppm): 
                  0          1          2    
      0     128.876047 -23.802815   2.789911
      1      -8.964367  89.772474 -12.526082
      2      24.347247  -4.955358 102.938440
 P Tensor eigenvectors:
                   0          1          2    
      0       0.311787  -0.382165   0.869908
      1       0.933831  -0.045714  -0.354781
      2       0.175352   0.922963   0.342624
 P Eigenvalues: 
                  0          1          2    
      0      83.059317  97.292319 141.235324
P(iso)  107.195654
 Nucleus: 6 H  
 Shielding tensor (ppm): 
                  0          1          2    
      0      29.284781  -1.962836   3.811329
      1      -0.053199  26.502463   0.317962
      2       3.266481  -0.354365  27.573572
 P Tensor eigenvectors:
                   0          1          2    
      0      -0.621759  -0.070883   0.779994
      1      -0.305061   0.939164  -0.157827
      2       0.721355   0.336076   0.605557
 P Eigenvalues: 
                  0          1          2    
      0      24.586577  26.591532  32.182708
P(iso)  27.786939
 Nucleus: 7 H  
 Shielding tensor (ppm): 
                  0          1          2    
      0      23.393112   1.325490   1.667101
      1       0.483904  27.133777   1.008480
      2      -1.547943   0.607251  32.586901
 P Tensor eigenvectors:
                   0          1          2    
      0       0.974205   0.225496  -0.008764
      1      -0.221891   0.964259   0.144809
      2       0.041104  -0.139129   0.989421
 P Eigenvalues: 
                  0          1          2    
      0      23.191722  27.222055  32.700012
P(iso)  27.704597
 Nucleus: 8 H  
 Shielding tensor (ppm): 
                  0          1          2    
      0      28.036154   2.055252   2.610835
      1       1.190380  28.294475   1.329672
      2       2.765469   3.237572  27.035076
 P Tensor eigenvectors:
                   0          1          2    
      0       0.503560   0.634154   0.586750
      1       0.269333  -0.760522   0.590818
      2      -0.820906   0.139481   0.553768
 P Eigenvalues: 
                  0          1          2    
      0      24.588231  26.591821  32.185652
P(iso)  27.788568
 Nucleus: 9 H  
 Shielding tensor (ppm): 
                  0          1          2    
      0      32.430334   0.464473  -2.502013
      1       1.213796  26.182292  -2.119652
      2       0.744165  -1.829398  24.501592
 P Tensor eigenvectors:
                   0          1          2    
      0       0.057638  -0.229192  -0.971673
      1       0.549039   0.820166  -0.160887
      2       0.833807  -0.524213   0.173108
 P Eigenvalues: 
                  0          1          2    
      0      23.195353  27.219830  32.699036
P(iso)  27.704739
 Nucleus: 10 H  
 Shielding tensor (ppm): 
                  0          1          2    
      0      29.288581  -1.967916   3.814275
      1      -0.055522  26.501290   0.320609
      2       3.262016  -0.349006  27.570686
 P Tensor eigenvectors:
                   0          1          2    
      0      -0.621262  -0.072005   0.780288
      1      -0.307137   0.938468  -0.157939
      2       0.720903   0.337776   0.605150
 P Eigenvalues: 
                  0          1          2    
      0      24.583793  26.593376  32.183388
P(iso)  27.786852
 Nucleus: 11 H  
 Shielding tensor (ppm): 
                  0          1          2    
      0      23.394544   1.325036   1.662782
      1       0.479549  27.135299   1.007352
      2      -1.550182   0.607998  32.591501
 P Tensor eigenvectors:
                   0          1          2    
      0       0.974308   0.225031  -0.009156
      1      -0.221383   0.964399   0.144654
      2       0.041382  -0.138911   0.989440
 P Eigenvalues: 
                  0          1          2    
      0      23.194130  27.222865  32.704349
P(iso)  27.707114
 Nucleus: 12 H  
 Shielding tensor (ppm): 
                  0          1          2    
      0      32.435150   0.461884  -2.501329
      1       1.214649  26.185977  -2.116736
      2       0.739094  -1.826002  24.501291
 P Tensor eigenvectors:
                   0          1          2    
      0       0.057971  -0.228954  -0.971710
      1       0.548323   0.820689  -0.160658
      2       0.834255  -0.523497   0.173117
 P Eigenvalues: 
                  0          1          2    
      0      23.198963  27.219547  32.703908
P(iso)  27.707473
 Nucleus: 13 H  
 Shielding tensor (ppm): 
                  0          1          2    
      0      28.035011   2.052215   2.608258
      1       1.188492  28.292852   1.332953
      2       2.766385   3.240643  27.038454
 P Tensor eigenvectors:
                   0          1          2    
      0       0.503024   0.634887   0.586418
      1       0.270642  -0.760097   0.590767
      2      -0.820804   0.138460   0.554174
 P Eigenvalues: 
                  0          1          2    
      0      24.588581  26.592113  32.185622
P(iso)  27.788772
# -------------------------------------------------------------
----------------------- !GEOMETRIES! ------------------------
# -------------------------------------------------------------
------------------------ !GEOMETRY! -------------------------
    Number of atoms:    14 
    Geometry Index:     1 
    Coordinates:
               0 C     -7.366052587128    1.339991489685   -7.001615807613
               1 C     -7.417624448065   -0.060481325512   -6.418278096501
               2 O     -6.906055566387    2.265657571696   -6.046949558341
               3 O     -6.159676588191   -0.441780678088   -5.916613945560
               4 C     -5.699676313514    0.483883645111   -4.961949025485
               5 C     -5.648109121052    1.884359425274   -5.545282070823
               6 H     -8.361798114336    1.660334881361   -7.315122346676
               7 H     -6.716896477842    1.343721308870   -7.890605778734
               8 H     -7.696626459813   -0.784433949066   -7.186653273683
               9 H     -8.180323739464   -0.101460099817   -5.625724592341
              10 H     -4.703926095425    0.163545032678   -4.648451956840
              11 H     -6.348825699751    0.480149413916   -4.072954375184
              12 H     -4.885405267419    1.925347322219   -6.337830626190
              13 H     -5.369113521614    2.608305961672   -4.776898546028
